<!DOCTYPE html>
<html>

  <head>
    <title>Gulf_Coast_Data_Visualization</title>
    <style>
      svg { border: 1px solid black; }
      svg g rect.node-shape { border-radius: 5px !important; fill:#ffecb3 !important; cursor: move; }
      svg g text.node-name { font-weight: 800 !important }
      svg g rect.node-bar { fill: green !important }
      svg g text.node-value { fill:rgb(0,0,0) !important; font-size: 15px; cursor: pointer; }
      svg line.edge-line { stroke:rgb(0,0,0) !important }
      svg path.edge-head { fill:rgb(0,0,0) !important }
    </style>
    <script src="https://cdnjs.cloudflare.com/ajax/libs/d3/3.5.3/d3.js"></script>
    <script src="https://cdn.jsdelivr.net/lodash/4.11.1/lodash.js"></script>
    <script src="https://rawgithub.com/cpettitt/graphlib/master/dist/graphlib.core.js"></script>
    <script src="https://rawgithub.com/cpettitt/dagre/master/dist/dagre.js"></script>
    <script src="https://ajax.googleapis.com/ajax/libs/jquery/2.2.0/jquery.min.js"></script>
    <script src="https://rawgithub.com/vangj/jsbayes/master/jsbayes.js"></script>
    <script src="https://rawgithub.com/vangj/jsbayes-viz/master/jsbayes-viz.js"></script>
    <script>
      function getGraph() {
        var graph = jsbayes.newGraph();
        graph.saveSamples = true;

        var n1 = graph.addNode('1.Party', ['Republican', 'Independent','Democrat']);
        var n2 = graph.addNode('2.Information', ['Not Informed','Not Very Well','Somewhat Well','Very Well']);
        var n3 = graph.addNode('3.Race', ['White', 'Black','Other']);
        var n4 = graph.addNode('4.Education', ['1', '2']);
        var n5 = graph.addNode('5.Year_Stayed', ['1', '2', '3', '4']);
        var n6 = graph.addNode('6.Age', ['18-24','25-34','35-44','45-54','55-64','>65']);
        var n7 = graph.addNode('7.Gender',['male','female']);
        var n8 = graph.addNode('8.Climate_Recognition',['1','2','3']);
        var n9 = graph.addNode('9.Local_Attitude',['a','b','c']);
        var n11 = graph.addNode('11.Imm_family',['1','2','3','4','5']);
        var n12 = graph.addNode('12.Gov_Preparation',['1','2','3','4']);
        var n14 = graph.addNode('14.Reason To Buy',['Not Buying','Compulsory','Willing','Both']);
        var n15 = graph.addNode('15.Flood zone',['1','2','3','4']);
        var n13 = graph.addNode('13.Buy',['No','Yes']);
        var n16 = graph.addNode('16.Private',['1','2','3','4','5','6','7']);
        var n17 = graph.addNode('17.Public',['1','2','3','4','5','6','7']);

        var n10 = graph.addNode('10.Local Community',['1','2','3','4','5']);
        var n18 = graph.addNode('18.Sup_Climate',['Not Support','Independent','Support']);
        var n19 = graph.addNode('19.Sup_Gov',['Private','Independent','Public']);
 
        n1.addParent(n6);
        n1.addParent(n7);
        n1.addParent(n3);

        n2.addParent(n3);
        n2.addParent(n1);
        n4.addParent(n3);
        n4.addParent(n7);
        n8.addParent(n1);
        n8.addParent(n2);
        n8.addParent(n4);
        n9.addParent(n1);
        n9.addParent(n2);
        n9.addParent(n5);

        n11.addParent(n1);
        n11.addParent(n8);
        n11.addParent(n9);


        n12.addParent(n1);
        n14.addParent(n11);
        n14.addParent(n12);
        n14.addParent(n15);
        n13.addParent(n14);
        n10.addParent(n9);
        n10.addParent(n11);
        n17.addParent(n8);
        n17.addParent(n10);
        n17.addParent(n14);

        n16.addParent(n11);
        n16.addParent(n13);
        n16.addParent(n14);

        n18.addParent(n16);
        n18.addParent(n17);
        n19.addParent(n16);
        n19.addParent(n17);

        n19.setCpt([[ 0.322580645 , 0.677419355 , 0 ],
[ 0 , 1 , 0 ],
[ 0 , 0.152777778 , 0.847222222 ],
[ 0 , 0 , 1 ],
[ 0 , 0 , 1 ],
[ 0 , 0 , 1 ],
[ 0 , 0 , 1 ],
[ 1 , 0 , 0 ],
[ 0.226277372 , 0.773722628 , 0 ],
[ 0 , 1 , 0 ],
[ 0 , 0.132075472 , 0.867924528 ],
[ 0 , 0 , 1 ],
[ 0 , 0 , 1 ],
[ 0 , 0 , 1 ],
[ 1 , 0 , 0 ],
[ 1 , 0 , 0 ],
[ 0.196682464 , 0.803317536 , 0 ],
[ 0 , 1 , 0 ],
[ 0 , 0.169565217 , 0.830434783 ],
[ 0 , 0 , 1 ],
[ 0 , 0 , 1 ],
[ 1 , 0 , 0 ],
[ 1 , 0 , 0 ],
[ 1 , 0 , 0 ],
[ 0.204188482 , 0.795811518 , 0 ],
[ 0 , 1 , 0 ],
[ 0 , 0.147398844 , 0.852601156 ],
[ 0 , 0 , 1 ],
[ 1 , 0 , 0 ],
[ 1 , 0 , 0 ],
[ 1 , 0 , 0 ],
[ 1 , 0 , 0 ],
[ 0.167510549 , 0.832489451 , 0 ],
[ 0 , 1 , 0 ],
[ 0 , 0.170216334 , 0.829783666 ],
[ 0 , 0 , 0 ],
[ 1 , 0 , 0 ],
[ 1 , 0 , 0 ],
[ 1 , 0 , 0 ],
[ 1 , 0 , 0 ],
[ 0.192153723 , 0.807846277 , 0 ],
[ 0 , 1 , 0 ],
[ 1 , 0 , 0 ],
[ 1 , 0 , 0 ],
[ 1 , 0 , 0 ],
[ 1 , 0 , 0 ],
[ 1 , 0 , 0 ],
[ 1 , 0 , 0 ],
[ 0.190247418 , 0.809752582 , 0 ]]);
        n18.setCpt([[   1.006178288 ,   0   ,   0   ],
[   1.006178288 ,   0   ,   0   ],
[   1.006178288 ,   0   ,   0   ],
[   1.006178288 ,   0   ,   0   ],
[   1.006178288 ,   0   ,   0   ],
[   1.006178288 ,   0   ,   0   ],
[   1.006178288 ,   0   ,   0   ],
[   1.006178288 ,   0   ,   0   ],
[   1.006178288 ,   0   ,   0   ],
[   1.006178288 ,   0   ,   0   ],
[   1.006178288 ,   0   ,   0   ],
[   1.006178288 ,   0   ,   0   ],
[   1.006178288 ,   0   ,   0   ],
[   1.006178288 ,   0   ,   0   ],
[   0   ,   1   ,   0   ],
[   1.006178288 ,   0   ,   0   ],
[   1.006178288 ,   0   ,   0   ],
[   1.006178288 ,   0   ,   0   ],
[   1.006178288 ,   0   ,   0   ],
[   0.963663712 ,   0.036336288 ,   0   ],
[   0   ,   1   ,   0   ],
[   1.006178288 ,   0   ,   0   ],
[   1.006178288 ,   0   ,   0   ],
[   1.006178288 ,   0   ,   0   ],
[   1.006178288 ,   0   ,   0   ],
[   1.006178288 ,   0   ,   0   ],
[   0   ,   1   ,   0   ],
[   0   ,   1   ,   0   ],
[   0   ,   1   ,   0   ],
[   1.006178288 ,   0   ,   0   ],
[   1.006178288 ,   0   ,   0   ],
[   0.93568172  ,   0.06431828  ,   0   ],
[   0   ,   1   ,   0   ],
[   0   ,   1   ,   0   ],
[   0   ,   0.740412631 ,   0.259587369 ],
[   0   ,   1   ,   0   ],
[   0   ,   1   ,   0   ],
[   1.006178288 ,   0   ,   0   ],
[   0   ,   1   ,   0   ],
[   0   ,   1   ,   0   ],
[   0   ,   0.70718232  ,   0.29281768  ],
[   0   ,   0   ,   1.171270718 ],
[   0   ,   1   ,   0   ],
[   0   ,   1   ,   0   ],
[   0   ,   1   ,   0   ],
[   0   ,   1   ,   0   ],
[   0   ,   0.663571177 ,   0.336428823 ],
[   0   ,   0   ,   1.171270718 ],
[   0   ,   0   ,   1.171270718 ]]);


        n16.setCpt([[   0.288461538 ,   0   ,   0.307692308 ,   0.019230769 ,   0.173076923 ,   0.019230769 ,   0.192307692 ],
[   0   ,   0   ,   0   ,   0   ,   0   ,   0   ,   0   ],
[   0   ,   0   ,   0   ,   0   ,   0   ,   0   ,   0   ],
[   0   ,   0   ,   0   ,   0   ,   0   ,   0   ,   0   ],
[   0   ,   0   ,   0   ,   0   ,   0   ,   0   ,   0   ],
[   0   ,   0   ,   0.125   ,   0   ,   0.125   ,   0   ,   0.75    ],
[   0.047619048 ,   0   ,   0   ,   0   ,   0.714285714 ,   0   ,   0.238095238 ],
[   0   ,   0   ,   0.117647059 ,   0   ,   0   ,   0.705882353 ,   0.176470588 ],
[   0.061403509 ,   0   ,   0.188596491 ,   0.026315789 ,   0.421052632 ,   0.074561404 ,   0.228070175 ],
[   0   ,   0   ,   0   ,   0   ,   0   ,   0   ,   0   ],
[   0   ,   0   ,   0   ,   0   ,   0   ,   0   ,   0   ],
[   0   ,   0   ,   0   ,   0   ,   0   ,   0   ,   0   ],
[   0   ,   0   ,   0   ,   0   ,   0   ,   0   ,   0   ],
[   0   ,   0.24    ,   0.04    ,   0   ,   0.04    ,   0.24    ,   0.44    ],
[   0.108695652 ,   0.02173913  ,   0.043478261 ,   0   ,   0.760869565 ,   0.02173913  ,   0.043478261 ],
[   0   ,   0   ,   0.065217391 ,   0   ,   0.543478261 ,   0.217391304 ,   0.173913043 ],
[   0.041972718 ,   0.031479538 ,   0.186778594 ,   0.053515215 ,   0.431269675 ,   0.031479538 ,   0.223504722 ],
[   0   ,   0   ,   0   ,   0   ,   0   ,   0   ,   0   ],
[   0   ,   0   ,   0   ,   0   ,   0   ,   0   ,   0   ],
[   0   ,   0   ,   0   ,   0   ,   0   ,   0   ,   0   ],
[   0   ,   0   ,   0   ,   0   ,   0   ,   0.5 ,   0.5 ],
[   0.004115226 ,   0.082304527 ,   0.164609053 ,   0   ,   0.230452675 ,   0.386831276 ,   0.131687243 ],
[   0.037113402 ,   0.004123711 ,   0.208247423 ,   0.037113402 ,   0.432989691 ,   0.030927835 ,   0.249484536 ],
[   0.011494253 ,   0.005747126 ,   0.074712644 ,   0.183908046 ,   0.201149425 ,   0.413793103 ,   0.109195402 ],
[   0.036873156 ,   0.005899705 ,   0.122418879 ,   0.025073746 ,   0.505899705 ,   0.013274336 ,   0.290560472 ],
[   0   ,   0   ,   0   ,   0   ,   0   ,   0   ,   0   ],
[   0   ,   0   ,   0   ,   0   ,   0   ,   0   ,   0   ],
[   0   ,   0   ,   0   ,   0   ,   0   ,   0   ,   0   ],
[   0   ,   0   ,   0.2 ,   0.6 ,   0   ,   0.2 ,   0   ],
[   0   ,   0   ,   0.093023256 ,   0   ,   0.453488372 ,   0.26744186  ,   0.186046512 ],
[   0.018867925 ,   0   ,   0.064690027 ,   0.021563342 ,   0.606469003 ,   0.005390836 ,   0.283018868 ],
[   0.010471204 ,   0.005235602 ,   0.010471204 ,   0.005235602 ,   0.172774869 ,   0.345549738 ,   0.45026178  ],
[   0   ,   0   ,   0.10619469  ,   0.044247788 ,   0.707964602 ,   0.008849558 ,   0.132743363 ],
[   0   ,   0   ,   0   ,   0   ,   0   ,   0   ,   0   ],
[   0   ,   0   ,   0   ,   0   ,   0   ,   0   ,   0   ],
[   0   ,   0   ,   0   ,   0   ,   0   ,   0   ,   0   ],
[   0   ,   0   ,   0   ,   0   ,   1   ,   0   ,   0   ],
[   0   ,   0   ,   0.043478261 ,   0   ,   0.304347826 ,   0.260869565 ,   0.391304348 ],
[   0.017857143 ,   0   ,   0.25    ,   0   ,   0.357142857 ,   0.071428571 ,   0.303571429 ],
[   0   ,   0   ,   0   ,   0   ,   0.384615385 ,   0.269230769 ,   0.346153846 ]]);

        n17.setCpt([[ 0.000 , 0.000 , 0.114 , 0.000 , 0.193 , 0.036 , 0.657 ],
[ 0.000 , 0.000 , 0.000 , 0.000 , 0.000 , 1.000 , 0.000 ],
[ 0.000 , 0.000 , 0.000 , 0.000 , 0.714 , 0.125 , 0.161 ],
[ 0.000 , 0.000 , 0.000 , 0.000 , 0.000 , 0.048 , 0.952 ],
[ 0.041 , 0.039 , 0.002 , 0.053 , 0.159 , 0.281 , 0.425 ],
[ 0.000 , 0.000 , 0.086 , 0.000 , 0.119 , 0.062 , 0.733 ],
[ 0.000 , 0.000 , 0.067 , 0.013 , 0.369 , 0.188 , 0.362 ],
[ 0.000 , 0.000 , 0.000 , 0.000 , 0.007 , 0.237 , 0.756 ],
[ 0.006 , 0.034 , 0.028 , 0.241 , 0.190 , 0.171 , 0.329 ],
[ 0.029 , 0.039 , 0.182 , 0.000 , 0.169 , 0.176 , 0.405 ],
[ 0.000 , 0.038 , 0.042 , 0.086 , 0.325 , 0.200 , 0.310 ],
[ 0.002 , 0.095 , 0.068 , 0.011 , 0.106 , 0.546 , 0.172 ],
[ 0.000 , 0.012 , 0.019 , 0.100 , 0.321 , 0.326 , 0.222 ],
[ 0.000 , 0.000 , 0.017 , 0.000 , 0.154 , 0.226 , 0.603 ],
[ 0.000 , 0.010 , 0.000 , 0.188 , 0.160 , 0.310 , 0.332 ],
[ 0.000 , 0.011 , 0.046 , 0.000 , 0.125 , 0.502 , 0.316 ],
[ 0.000 , 0.000 , 0.006 , 0.123 , 0.041 , 0.444 , 0.386 ],
[ 0.000 , 0.000 , 0.000 , 0.000 , 0.000 , 0.432 , 0.568 ],
[ 0.000 , 0.000 , 0.000 , 0.000 , 0.583 , 0.313 , 0.104 ],
[ 0.000 , 0.000 , 0.000 , 0.000 , 0.000 , 0.045 , 0.955 ],
[ 0.000 , 0.000 , 0.003 , 0.000 , 0.026 , 0.844 , 0.127 ],
[ 0.000 , 0.000 , 0.000 , 0.000 , 0.000 , 0.000 , 0.000 ],
[ 0.000 , 0.000 , 0.000 , 0.000 , 0.026 , 0.195 , 0.779 ],
[ 0.000 , 0.000 , 0.059 , 0.000 , 0.471 , 0.412 , 0.059 ],
[ 0.000 , 0.000 , 0.125 , 0.099 , 0.165 , 0.168 , 0.443 ],
[ 0.000 , 0.000 , 0.061 , 0.000 , 0.030 , 0.152 , 0.758 ],
[ 0.000 , 0.000 , 0.009 , 0.000 , 0.028 , 0.751 , 0.211 ],
[ 0.000 , 0.100 , 0.000 , 0.000 , 0.000 , 0.233 , 0.667 ],
[ 0.000 , 0.020 , 0.008 , 0.051 , 0.135 , 0.287 , 0.498 ],
[ 0.000 , 0.066 , 0.000 , 0.000 , 0.021 , 0.472 , 0.441 ],
[ 0.000 , 0.000 , 0.009 , 0.011 , 0.177 , 0.483 , 0.319 ],
[ 0.000 , 0.000 , 0.031 , 0.000 , 0.069 , 0.275 , 0.626 ],
[ 0.000 , 0.000 , 0.024 , 0.141 , 0.237 , 0.207 , 0.391 ],
[ 0.001 , 0.000 , 0.085 , 0.000 , 0.113 , 0.394 , 0.407 ],
[ 0.000 , 0.000 , 0.003 , 0.032 , 0.059 , 0.384 , 0.522 ],
[ 0.003 , 0.000 , 0.031 , 0.013 , 0.141 , 0.178 , 0.634 ],
[ 0.000 , 0.012 , 0.015 , 0.065 , 0.253 , 0.522 , 0.133 ],
[ 0.000 , 0.000 , 0.167 , 0.000 , 0.194 , 0.306 , 0.333 ],
[ 0.000 , 0.000 , 0.000 , 0.188 , 0.224 , 0.198 , 0.389 ],
[ 0.000 , 0.000 , 0.067 , 0.000 , 0.000 , 0.250 , 0.683 ],
[ 0.000 , 0.000 , 0.008 , 0.000 , 0.082 , 0.090 , 0.820 ],
[ 0.000 , 0.000 , 0.000 , 0.000 , 0.000 , 0.300 , 0.700 ],
[ 0.000 , 0.000 , 0.000 , 0.167 , 0.000 , 0.500 , 0.333 ],
[ 0.000 , 0.000 , 0.000 , 0.000 , 0.000 , 1.000 , 0.000 ],
[ 0.000 , 0.000 , 0.000 , 0.253 , 0.074 , 0.419 , 0.253 ],
[ 0.000 , 0.000 , 0.000 , 0.062 , 0.400 , 0.323 , 0.215 ],
[ 0.000 , 0.000 , 0.079 , 0.026 , 0.000 , 0.526 , 0.368 ],
[ 0.000 , 0.056 , 0.000 , 0.000 , 0.000 , 0.889 , 0.056 ],
[ 0.000 , 0.002 , 0.010 , 0.007 , 0.232 , 0.077 , 0.672 ],
[ 0.000 , 0.000 , 0.000 , 0.000 , 0.000 , 0.468 , 0.532 ],
[ 0.000 , 0.007 , 0.000 , 0.337 , 0.112 , 0.086 , 0.457 ],
[ 0.000 , 0.000 , 0.032 , 0.000 , 0.051 , 0.622 , 0.295 ],
[ 0.000 , 0.002 , 0.003 , 0.166 , 0.185 , 0.274 , 0.371 ],
[ 0.000 , 0.032 , 0.000 , 0.000 , 0.213 , 0.139 , 0.616 ],
[ 0.000 , 0.004 , 0.000 , 0.112 , 0.327 , 0.359 , 0.198 ],
[ 0.050 , 0.000 , 0.000 , 0.000 , 0.080 , 0.700 , 0.170 ],
[ 0.000 , 0.018 , 0.053 , 0.075 , 0.371 , 0.214 , 0.269 ],
[ 0.000 , 0.000 , 0.000 , 0.000 , 0.375 , 0.141 , 0.484 ],
[ 0.000 , 0.000 , 0.012 , 0.012 , 0.236 , 0.255 , 0.484 ],
[ 0.000 , 0.000 , 0.000 , 0.011 , 0.471 , 0.322 , 0.195 ]]);

        n11.setCpt([[   0   ,   0   ,   0   ,   0   ,   0   ],
[   1   ,   0   ,   0   ,   0   ,   0   ],
[   0   ,   0   ,   0   ,   0   ,   0   ],
[   0   ,   0   ,   0   ,   0   ,   0   ],
[   0   ,   0   ,   0   ,   0   ,   0   ],
[   0   ,   0   ,   0   ,   0   ,   0   ],
[   0   ,   0   ,   0   ,   0   ,   0   ],
[   0   ,   1   ,   0   ,   0   ,   0   ],
[   0   ,   0   ,   0   ,   0   ,   0   ],
[   0.057971014 ,   0   ,   0.884057971 ,   0.028985507 ,   0.028985507 ],
[   0.02247191  ,   0.06741573  ,   0.719101124 ,   0.179775281 ,   0.011235955 ],
[   0   ,   0   ,   0   ,   0   ,   0   ],
[   0   ,   0.05    ,   0.85    ,   0.1 ,   0   ],
[   0.032967033 ,   0.054945055 ,   0.406593407 ,   0.472527473 ,   0.032967033 ],
[   0   ,   0.111111111 ,   0.666666667 ,   0.222222222 ,   0   ],
[   0.025   ,   0.05    ,   0.725   ,   0.1 ,   0.1 ],
[   0.116666667 ,   0.083333333 ,   0.1 ,   0.383333333 ,   0.316666667 ],
[   0   ,   0   ,   0.125   ,   0.125   ,   0.75    ],
[   0   ,   0.03030303  ,   0.878787879 ,   0.090909091 ,   0   ],
[   0   ,   0.048387097 ,   0.766129032 ,   0.185483871 ,   0   ],
[   0   ,   0   ,   0.5 ,   0.5 ,   0   ],
[   0   ,   0.086956522 ,   0.586956522 ,   0.217391304 ,   0.108695652 ],
[   0   ,   0   ,   0.594202899 ,   0.376811594 ,   0.028985507 ],
[   0   ,   0   ,   0.111111111 ,   0.555555556 ,   0.333333333 ],
[   0   ,   0   ,   0   ,   1   ,   0   ],
[   0   ,   0   ,   0.6875  ,   0.1875  ,   0.125   ],
[   0   ,   0   ,   0.4 ,   0   ,   0.6 ],
[   0   ,   0   ,   0   ,   0   ,   0   ],
[   0   ,   0   ,   0.5 ,   0.5 ,   0   ],
[   0   ,   1   ,   0   ,   0   ,   0   ],
[   0   ,   0   ,   0   ,   0   ,   0   ],
[   0   ,   0.095238095 ,   0   ,   0.904761905 ,   0   ],
[   0   ,   0   ,   1   ,   0   ,   0   ],
[   0   ,   0   ,   0   ,   1   ,   0   ],
[   0   ,   0   ,   0   ,   0.2 ,   0.8 ],
[   0   ,   0   ,   0   ,   0   ,   0   ],
[   0.060344828 ,   0.047413793 ,   0.836206897 ,   0.047413793 ,   0.00862069  ],
[   0.026785714 ,   0.080357143 ,   0.571428571 ,   0.303571429 ,   0.017857143 ],
[   0   ,   0   ,   0.8 ,   0.2 ,   0   ],
[   0.0433213   ,   0.129963899 ,   0.296028881 ,   0.519855596 ,   0.010830325 ],
[   0.009259259 ,   0.12037037  ,   0.365740741 ,   0.439814815 ,   0.064814815 ],
[   0   ,   0.222222222 ,   0.111111111 ,   0.666666667 ,   0   ],
[   0   ,   0.133333333 ,   0.7 ,   0.166666667 ,   0   ],
[   0   ,   0.081481481 ,   0.074074074 ,   0.807407407 ,   0.037037037 ],
[   0   ,   0   ,   0   ,   0.948717949 ,   0.051282051 ],
[   0.006993007 ,   0.013986014 ,   0.937062937 ,   0.041958042 ,   0   ],
[   0   ,   0.20952381  ,   0.695238095 ,   0.085714286 ,   0.00952381  ],
[   0   ,   0   ,   0   ,   1   ,   0   ],
[   0   ,   0.01369863  ,   0.534246575 ,   0.452054795 ,   0   ],
[   0.018691589 ,   0.009345794 ,   0.411214953 ,   0.38317757  ,   0.177570093 ],
[   0   ,   0   ,   0.75    ,   0.083333333 ,   0.166666667 ],
[   0   ,   0   ,   0   ,   0.857142857 ,   0.142857143 ],
[   0.057142857 ,   0.028571429 ,   0.085714286 ,   0.771428571 ,   0.057142857 ],
[   0   ,   0   ,   0   ,   0   ,   1   ],
[   0.5 ,   0   ,   0   ,   0   ,   0.5 ],
[   0   ,   1   ,   0   ,   0   ,   0   ],
[   0   ,   0   ,   0   ,   0   ,   0   ],
[   0   ,   0   ,   0   ,   0   ,   0   ],
[   0   ,   0   ,   1   ,   0   ,   0   ],
[   0   ,   0   ,   0   ,   1   ,   0   ],
[   0   ,   0.1 ,   0.9 ,   0   ,   0   ],
[   0   ,   0.166666667 ,   0   ,   0.083333333 ,   0.75    ],
[   0   ,   0   ,   0   ,   1   ,   0   ],
[   0.010204082 ,   0.163265306 ,   0.673469388 ,   0.102040816 ,   0.051020408 ],
[   0.050632911 ,   0.063291139 ,   0.569620253 ,   0.246835443 ,   0.069620253 ],
[   0.125   ,   0   ,   0.5 ,   0.375   ,   0   ],
[   0   ,   0.028776978 ,   0.71942446  ,   0.244604317 ,   0.007194245 ],
[   0.102325581 ,   0.172093023 ,   0.172093023 ,   0.460465116 ,   0.093023256 ],
[   0.136363636 ,   0.272727273 ,   0.090909091 ,   0.5 ,   0   ],
[   0   ,   0.204545455 ,   0.181818182 ,   0.590909091 ,   0.022727273 ],
[   0   ,   0.236363636 ,   0.3 ,   0.3 ,   0.163636364 ],
[   0.142857143 ,   0   ,   0.107142857 ,   0.25    ,   0.5 ],
[   0   ,   0.098591549 ,   0.774647887 ,   0.126760563 ,   0   ],
[   0.192307692 ,   0.019230769 ,   0.711538462 ,   0.076923077 ,   0   ],
[   0   ,   0   ,   0.666666667 ,   0.333333333 ,   0   ],
[   0   ,   0   ,   0.388888889 ,   0.583333333 ,   0.027777778 ],
[   0.00877193  ,   0.105263158 ,   0.184210526 ,   0.649122807 ,   0.052631579 ],
[   0   ,   0.08    ,   0.12    ,   0.72    ,   0.08    ],
[   0   ,   0   ,   0.095238095 ,   0.142857143 ,   0.761904762 ],
[   0   ,   0   ,   0.290322581 ,   0.709677419 ,   0   ],
[   0   ,   0   ,   0   ,   0.75    ,   0.25    ]]);

        n1.setCpt([[    0   ,   0.96    ,   0.048295972 ],
[   0   ,   0.446567138 ,   0.442347201 ],
[   0.483858521 ,   0.700448826 ,   0.043667608 ],
[   0.0724142   ,   0.873286848 ,   0.11610746  ],
[   0.188167203 ,   0.491223852 ,   0.324387947 ],
[   0.199687644 ,   0.239114256 ,   0.491928975 ],
[   0.186099431 ,   0.671759114 ,   0.201542807 ],
[   0.143365488 ,   0.594320216 ,   0.274482109 ],
[   0.096290253 ,   0.912389244 ,   0.078210642 ],
[   0.064514469 ,   0.480307766 ,   0.389265537 ],
[   0.411121619 ,   0.406677699 ,   0.278885566 ],
[   0.17920686  ,   0.48515936  ,   0.332705587 ],
[   0.013440514 ,   0.900577062 ,   0.124764595 ],
[   0.100803859 ,   0.77322273  ,   0.171551318 ],
[   0.235209003 ,   0.40935321  ,   0.358698211 ],
[   0   ,   0.16677353  ,   0.634220025 ],
[   0   ,   0.35087418  ,   0.507970137 ],
[   0.141125402 ,   0.177386391 ,   0.561440678 ],
[   0.21221865  ,   0.28726541  ,   0.453092477 ],
[   0.24021345  ,   0.209031426 ,   0.493749249 ],
[   0   ,   0.09746505  ,   0.681749395 ],
[   0.070895021 ,   0.047982794 ,   0.682777674 ],
[   0.08960343  ,   0.18193476  ,   0.582234777 ],
[   0   ,   0.278253162 ,   0.557771131 ],
[   0.645144695 ,   0.618578184 ,   0.024952919 ],
[   0.133294358 ,   0.568358176 ,   0.296960359 ],
[   0.586495177 ,   0.514228826 ,   0.123733483 ],
[   0.378014469 ,   0.648142582 ,   0.128663489 ],
[   1.075241158 ,   0.322676744 ,   0.028248588 ],
[   0.549059314 ,   0.487739995 ,   0.159273951 ],
[   0.502794954 ,   0.41101051  ,   0.233365356 ],
[   0.852844156 ,   0.302352011 ,   0.145409096 ],
[   0.31445732  ,   0.611026175 ,   0.183615819 ],
[   0.35404282  ,   0.5378169   ,   0.215447154 ],
[   0.614738285 ,   0.375799668 ,   0.205554784 ],
[   0.610828487 ,   0.339095425 ,   0.232539969 ]]);

        n2.setCpt([[  0 , 0.693877551 , 0.020408163 , 0.285714286 ],[ 0.217484009 , 0.202558635 , 0.417910448 , 0.162046908 ],[ 0.285274356 , 0.232082867 , 0.337905935 , 0.144736842 ],[ 0.010373444 , 0.022821577 , 0.053941909 , 0.912863071 ],[ 0.169586917 , 0.281299777 , 0.258574918 , 0.290538388 ],[ 0.342506011 , 0.19583222  , 0.287737109 , 0.173924659 ],[ 0.03960396  , 0.062706271 , 0.405940594 , 0.491749175 ],[ 0.144308019 , 0.139912081 , 0.472942246 , 0.242837653 ],[ 0.253719655 , 0.167188724 , 0.458104933 , 0.120986688 ]]);

        n6.setCpt([ 0.136 ,0.185 ,0.167 ,0.198 ,0.152 ,0.162 ]);

        n7.setCpt([0.4761,0.5239]);

        n3.setCpt([0.275155601659751,
0.180757261410788,
0.544087136929461]);

        n4.setCpt([[  0.505 , 0.389 ],[ 0.868 , 0.118 ],[ 0.855 , 0.138 ],[ 0.736 , 0.216 ],[ 0.545 , 0.446 ],[  0.601 , 0.390 ]]);

        n8.setCpt([
[ 0.653 , 0.176 , 0.171 ],
[ 0.741 , 0.196 , 0.063 ],
[ 0.573 , 0.259 , 0.168 ],
[ 0.618 , 0.357 , 0.025 ],
[ 0.192 , 0.520 , 0.288 ],
[ 0.594 , 0.302 , 0.104 ],
[ 0.393 , 0.220 , 0.387 ],
[ 0.623 , 0.236 , 0.141 ],
[ 0.386 , 0.534 , 0.081 ],
[ 0.528 , 0.417 , 0.055 ],
[ 0.161 , 0.360 , 0.479 ],
[ 0.596 , 0.286 , 0.117 ],
[ 0.240 , 0.621 , 0.140 ],
[ 0.303 , 0.572 , 0.125 ],
[ 0.445 , 0.263 , 0.292 ],
[ 0.662 , 0.169 , 0.169 ],
[ 0.200 , 0.400 , 0.400 ],
[ 0.318 , 0.523 , 0.159 ],
[ 0.183 , 0.542 , 0.275 ],
[ 0.396 , 0.511 , 0.094 ],
[ 0.393 , 0.479 , 0.128 ],
[ 0.314 , 0.549 , 0.138 ],
[ 0.252 , 0.559 , 0.189 ],
[ 0.256 , 0.430 , 0.314 ]]);

        n5.setCpt([0.0230000000000000,0.07330,0.31720,0.58650]);

        n9.setCpt([[  1.000 , 0.000 , 0.000 ],
[ 0.000 , 1.000 , 0.000 ],
[ 0.000 , 0.000 , 0.000 ],
[ 0.615 , 0.385 , 0.000 ],
[ 0.429 , 0.571 , 0.000 ],
[ 0.071 , 0.929 , 0.000 ],
[ 0.477 , 0.518 , 0.005 ],
[ 0.701 , 0.269 , 0.030 ],
[ 0.000 , 0.938 , 0.063 ],
[ 0.657 , 0.298 , 0.045 ],
[ 0.453 , 0.296 , 0.251 ],
[ 0.196 , 0.750 , 0.054 ],
[ 0.000 , 0.000 , 0.000 ],
[ 0.000 , 1.000 , 0.000 ],
[ 0.000 , 0.000 , 0.000 ],
[ 0.091 , 0.909 , 0.000 ],
[ 1.000 , 0.000 , 0.000 ],
[ 0.000 , 0.000 , 0.000 ],
[ 0.359 , 0.627 , 0.014 ],
[ 0.260 , 0.740 , 0.000 ],
[ 0.738 , 0.262 , 0.000 ],
[ 0.595 , 0.393 , 0.012 ],
[ 0.309 , 0.688 , 0.003 ],
[ 0.153 , 0.250 , 0.597 ],
[ 0.000 , 1.000 , 0.000 ],
[ 0.685 , 0.315 , 0.000 ],
[ 0.000 , 0.000 , 0.000 ],
[ 0.679 , 0.321 , 0.000 ],
[ 0.083 , 0.875 , 0.042 ],
[ 0.000 , 0.250 , 0.750 ],
[ 0.783 , 0.217 , 0.000 ],
[ 0.170 , 0.737 , 0.093 ],
[ 0.091 , 0.909 , 0.000 ],
[ 0.349 , 0.643 , 0.009 ],
[ 0.286 , 0.619 , 0.095 ],
[ 0.584 , 0.387 , 0.030 ],
[ 0.000 , 1.000 , 0.000 ],
[ 0.000 , 0.000 , 0.000 ],
[ 0.000 , 1.000 , 0.000 ],
[ 0.904 , 0.096 , 0.000 ],
[ 0.347 , 0.653 , 0.000 ],
[ 0.000 , 0.000 , 1.000 ],
[ 0.623 , 0.252 , 0.126 ],
[ 0.042 , 0.958 , 0.000 ],
[ 0.000 , 0.961 , 0.039 ],
[ 0.252 , 0.689 , 0.059 ],
[ 0.530 , 0.319 , 0.151 ],
[ 0.628 , 0.310 , 0.062 ],
[ 0.899 , 0.101 , 0.000 ],
[ 1.000 , 0.000 , 0.000 ],
[ 0.000 , 1.000 , 0.000 ],
[ 0.140 , 0.860 , 0.000 ],
[ 0.015 , 0.985 , 0.000 ],
[ 0.000 , 1.000 , 0.000 ],
[ 0.421 , 0.572 , 0.007 ],
[ 0.815 , 0.131 , 0.054 ],
[ 0.151 , 0.849 , 0.000 ],
[ 0.844 , 0.148 , 0.008 ],
[ 0.619 , 0.338 , 0.043 ],
[ 0.066 , 0.719 , 0.215 ],
[ 0.262 , 0.738 , 0.000 ],
[ 0.000 , 0.000 , 0.000 ],
[ 0.000 , 0.000 , 0.000 ],
[ 0.713 , 0.287 , 0.000 ],
[ 0.638 , 0.328 , 0.034 ],
[ 0.000 , 1.000 , 0.000 ],
[ 0.697 , 0.303 , 0.000 ],
[ 0.342 , 0.658 , 0.000 ],
[ 0.122 , 0.878 , 0.000 ],
[ 0.677 , 0.311 , 0.012 ],
[ 0.209 , 0.771 , 0.019 ],
[ 0.041 , 0.938 , 0.021 ],
[ 0.344 , 0.656 , 0.000 ],
[ 0.000 , 0.938 , 0.063 ],
[ 0.000 , 1.000 , 0.000 ],
[ 0.648 , 0.278 , 0.074 ],
[ 0.191 , 0.796 , 0.013 ],
[ 0.000 , 0.625 , 0.375 ],
[ 0.600 , 0.400 , 0.000 ],
[ 0.641 , 0.354 , 0.005 ],
[ 0.205 , 0.786 , 0.009 ],
[ 0.431 , 0.562 , 0.007 ],
[ 0.482 , 0.424 , 0.094 ],
[ 0.279 , 0.702 , 0.019 ],
[ 0.000 , 0.000 , 0.000 ],
[ 1.000 , 0.000 , 0.000 ],
[ 0.000 , 0.000 , 0.000 ],
[ 0.146 , 0.833 , 0.021 ],
[ 0.387 , 0.613 , 0.000 ],
[ 0.000 , 1.000 , 0.000 ],
[ 0.642 , 0.352 , 0.006 ],
[ 0.358 , 0.628 , 0.014 ],
[ 0.058 , 0.278 , 0.664 ],
[ 0.727 , 0.242 , 0.031 ],
[ 0.306 , 0.672 , 0.022 ],
[ 0.149 , 0.808 , 0.043 ],
[ 0.000 , 0.933 , 0.067 ],
[ 0.000 , 1.000 , 0.000 ],
[ 1.000 , 0.000 , 0.000 ],
[ 0.125 , 0.875 , 0.000 ],
[ 0.067 , 0.933 , 0.000 ],
[ 0.000 , 1.000 , 0.000 ],
[ 0.824 , 0.176 , 0.000 ],
[ 0.496 , 0.430 , 0.074 ],
[ 0.500 , 0.475 , 0.025 ],
[ 0.506 , 0.472 , 0.022 ],
[ 0.478 , 0.411 , 0.111 ],
[ 0.351 , 0.474 , 0.175 ],
[ 0.000 , 1.000 , 0.000 ],
[ 0.000 , 0.000 , 1.000 ],
[ 0.000 , 0.000 , 0.000 ],
[ 0.854 , 0.146 , 0.000 ],
[ 0.000 , 1.000 , 0.000 ],
[ 0.000 , 0.000 , 0.000 ],
[ 0.593 , 0.352 , 0.055 ],
[ 0.097 , 0.802 , 0.101 ],
[ 0.000 , 0.575 , 0.425 ],
[ 0.173 , 0.769 , 0.058 ],
[ 0.434 , 0.442 , 0.125 ],
[ 0.170 , 0.790 , 0.040 ],
[ 0.000 , 1.000 , 0.000 ],
[ 0.840 , 0.160 , 0.000 ],
[ 0.000 , 0.000 , 1.000 ],
[ 0.346 , 0.585 , 0.069 ],
[ 0.423 , 0.327 , 0.250 ],
[ 0.448 , 0.483 , 0.069 ],
[ 0.262 , 0.720 , 0.018 ],
[ 0.539 , 0.422 , 0.039 ],
[ 0.630 , 0.222 , 0.148 ],
[ 0.507 , 0.478 , 0.015 ],
[ 0.216 , 0.677 , 0.107 ],
[ 0.509 , 0.349 , 0.142 ],
[ 0.882 , 0.118 , 0.000 ],
[ 0.538 , 0.462 , 0.000 ],
[ 0.000 , 1.000 , 0.000 ],
[ 0.973 , 0.027 , 0.000 ],
[ 0.000 , 1.000 , 0.000 ],
[ 0.000 , 0.723 , 0.277 ],
[ 0.133 , 0.828 , 0.039 ],
[ 0.122 , 0.819 , 0.060 ],
[ 0.000 , 0.433 , 0.567 ],
[ 0.616 , 0.326 , 0.057 ],
[ 0.307 , 0.609 , 0.084 ],
[ 0.099 , 0.738 , 0.163 ]]);

        n12.setCpt([[ 0.098360656 , 0.200819672 , 0.40136612  , 0.299453552 ],
[ 0.190431075 , 0.197536712 , 0.518237802 , 0.09379441  ],
[ 0.273609885 , 0.388349515 , 0.270962048 , 0.067078553 ],
[ 0.15249577  , 0.229483926 , 0.494712352 , 0.123307953 ],
[ 0.3239293 , 0.237593474 , 0.369816451 , 0.068660775 ],
[ 0.244224422 , 0.47029703  , 0.173267327 , 0.112211221 ],
[ 0.17417103  , 0.24991274  , 0.408027923 , 0.167888307 ],
[ 0.220445213 , 0.141344284 , 0.544845472 , 0.093365031 ],
[ 0.518348624 , 0.170234455 , 0.225280326 , 0.086136595 ]]);
        n14.setCpt([[ 0.5 , 0.052083333 , 0.052083333 , 0.395833333 ],
[ 0.387096774 , 0 , 0.612903226 , 0 ],
[ 0 , 0 , 0 , 1 ],
[ 0 , 0 , 0 , 1 ],
[ 0.814814815 , 0 , 0 , 0.185185185 ],
[ 0 , 0.923076923 , 0 , 0.076923077 ],
[ 0 , 0 , 0 , 0 ],
[ 0 , 1 , 0 , 0 ],
[ 0.305147059 , 0 , 0.654411765 , 0.040441176 ],
[ 1 , 0 , 0 , 0 ],
[ 0.333333333 , 0 , 0.666666667 , 0 ],
[ 1 , 0 , 0 , 0 ],
[ 0.5 , 0.463235294 , 0.022058824 , 0.014705882 ],
[ 0.891891892 , 0 , 0.081081081 , 0.027027027 ],
[ 0 , 0 , 0 , 0 ],
[ 0 , 0 , 0 , 0 ],
[ 0.809917355 , 0.154269972 , 0.013774105 , 0.022038567 ],
[ 0 , 0.009090909 , 0.018181818 , 0.972727273 ],
[ 0 , 0 , 1 , 0 ],
[ 1 , 0 , 0 , 0 ],
[ 0.710659898 , 0.101522843 , 0.111675127 , 0.076142132 ],
[ 1 , 0 , 0 , 0 ],
[ 0.877192982 , 0.122807018 , 0 , 0 ],
[ 1 , 0 , 0 , 0 ],
[ 0.607609988 , 0.05588585  , 0.197384067 , 0.139120095 ],
[ 0.331491713 , 0.182320442 , 0.419889503 , 0.066298343 ],
[ 0.3 , 0 , 0.7 , 0 ],
[ 0.103448276 , 0 , 0 , 0.896551724 ],
[ 0.816155989 , 0.036211699 , 0.077994429 , 0.069637883 ],
[ 0.891304348 , 0.108695652 , 0 , 0 ],
[ 0.818181818 , 0.181818182 , 0 , 0 ],
[ 0 , 0 , 0 , 0 ],
[ 0.580627994 , 0.070250133 , 0.282597126 , 0.066524747 ],
[ 0.414473684 , 0.325657895 , 0.092105263 , 0.167763158 ],
[ 0.25  , 0 , 0.75  , 0 ],
[ 0.582733813 , 0.273381295 , 0.064748201 , 0.079136691 ],
[ 0.563006632 , 0.096904937 , 0.212232867 , 0.127855564 ],
[ 0.469982847 , 0.072041166 , 0.301886792 , 0.156089194 ],
[ 0.482352941 , 0.470588235 , 0.035294118 , 0.011764706 ],
[ 0.117870722 , 0.653992395 , 0.049429658 , 0.178707224 ],
[ 0.526907631 , 0.147791165 , 0.250200803 , 0.075100402 ],
[ 0.606722689 , 0.066386555 , 0.242857143 , 0.084033613 ],
[ 0.245614035 , 0.157894737 , 0.157894737 , 0.438596491 ],
[ 0.440839695 , 0.148854962 , 0.345419847 , 0.064885496 ],
[ 0.492028986 , 0.152173913 , 0.289855072 , 0.065942029 ],
[ 0.561674009 , 0.191629956 , 0.204845815 , 0.04185022  ],
[ 0.590909091 , 0 , 0.181818182 , 0.227272727 ],
[ 0.086956522 , 0.054347826 , 0.804347826 , 0.054347826 ],
[ 0.418384171 , 0.047403133 , 0.41797197  , 0.116240725 ],
[ 0.767676768 , 0.098989899 , 0.117171717 , 0.016161616 ],
[ 0.259259259 , 0.296296296 , 0.037037037 , 0.407407407 ],
[ 0.048101266 , 0.108860759 , 0.169620253 , 0.673417722 ],
[ 0.752593775 , 0.075418994 , 0.110534717 , 0.061452514 ],
[ 0.476190476 , 0.111111111 , 0.253968254 , 0.158730159 ],
[ 0.282608696 , 0 , 0.217391304 , 0.5 ],
[ 0.12987013  , 0.047619048 , 0.822510823 , 0 ],
[ 0.450986952 , 0.050518568 , 0.308464369 , 0.19003011  ],
[ 0.832460733 , 0.010471204 , 0.141361257 , 0.015706806 ],
[ 0.542857143 , 0.085714286 , 0.142857143 , 0.228571429 ],
[ 0.576086957 , 0.115942029 , 0.148550725 , 0.15942029  ],
[ 0.42739726  , 0.098630137 , 0.252054795 , 0.221917808 ],
[ 0.192307692 , 0.144230769 , 0.653846154 , 0.009615385 ],
[ 0.666666667 , 0.333333333 , 0 , 0 ],
[ 0.889400922 , 0.046082949 , 0.064516129 , 0 ],
[ 0.438432836 , 0.132462687 , 0.296641791 , 0.132462687 ],
[ 0.925 , 0.0125  , 0.05  , 0.0125  ],
[ 0.25  , 0.75  , 0 , 0 ],
[ 0.368421053 , 0.210526316 , 0.421052632 , 0 ],
[ 0.305343511 , 0.072519084 , 0.576335878 , 0.045801527 ],
[ 0.862068966 , 0 , 0 , 0.137931034 ],
[ 0.93902439  , 0 , 0 , 0.06097561  ],
[ 0.111111111 , 0 , 0 , 0.888888889 ],
[ 0.708542714 , 0.027638191 , 0.060301508 , 0.203517588 ],
[ 0.387096774 , 0.387096774 , 0.161290323 , 0.064516129 ],
[ 0 , 0 , 0 , 0 ],
[ 0 , 0 , 0 , 0 ],
[ 0.408304498 , 0.08650519  , 0.401384083 , 0.103806228 ],
[ 1 , 0 , 0 , 0 ],
[ 1 , 0 , 0 , 0 ],
[ 0 , 0 , 0 , 0 ]]);

        n15.setCpt([0.767166666666667,
0.141066666666667,
0.0171000000000000,
0.0746666666666667]);

        n13.setCpt([[  1 , 0 ],
[ 0 , 1 ],
[ 0 , 1 ],
[ 0 , 1 ]]);

        n10.setCpt([[ 0.235023041 , 0.110599078 , 0.525345622 , 0.129032258 , 0 ],
[ 0.137844612 , 0.236842105 , 0.154135338 , 0.432330827 , 0.038847118 ],
[ 0.00912044  , 0.059095452 , 0.734757621 , 0.190404798 , 0.006621689 ],
[ 0.011254551 , 0.04468719  , 0.205230056 , 0.667659715 , 0.071168487 ],
[ 0 , 0 , 0.177606178 , 0.532818533 , 0.28957529  ],
[ 0.078674948 , 0.525879917 , 0.074534161 , 0.207039337 , 0.113871636 ],
[ 0.029411765 , 0.35620915  , 0.38627451  , 0.207843137 , 0.020261438 ],
[ 0.010851419 , 0.072954925 , 0.55475793  , 0.340901503 , 0.020534224 ],
[ 0.059289128 , 0.036290323 , 0.340203106 , 0.488500597 , 0.075716846 ],
[ 0.00673968  , 0.0084246 , 0.048862679 , 0.49957877  , 0.436394271 ],
[ 0.407407407 , 0.481481481 , 0 , 0 , 0.111111111 ],
[ 0 , 0.313131313 , 0.111111111 , 0.555555556 , 0.02020202  ],
[ 0.017948718 , 0.079487179 , 0.307692308 , 0.517948718 , 0.076923077 ],
[ 0.015730337 , 0.073033708 , 0.257303371 , 0.470786517 , 0.183146067 ],
[ 0.005235602 , 0.013089005 , 0.408376963 , 0.167539267 , 0.405759162 ]]);

        graph.sample(20000);
        
        var g = jsbayesviz.fromGraph(graph);
        return g;
      }
      
      $(document).ready(function() {
        (function(window) { 
          var graph = getGraph();
          jsbayesviz.draw({
            id: '#bbn',
            width: 2000,
            height: 2000,
            graph: graph,
            samples: 15000
          });
          
          $('#btnDownloadJson').click(function() {
            jsbayesviz.downloadSamples(graph, true);
          });
          
          $('#btnDownloadCsv').click(function() {
            jsbayesviz.downloadSamples(graph, false, { rowDelimiter: '\n', fieldDelimiter: ',' });
          });
        })(window);
      });
    </script>
  </head>

  <body>
    <A href="javascript:history.go(0)">Refresh If You Want To Reinitiate This Model</A>
    <svg id="bbn">
    </svg>
    <div>

      <button id="btnDownloadJson">download samples as json</button>
      <button id="btnDownloadCsv">download samples as csv</button>
    </div>
  </body>

</html>
