<!DOCTYPE html>
<html>

  <head>
     <meta http-equiv="Content-Type" content="text/html;charset=utf-8"/>
    <link type="text/css" rel="stylesheet" href="demo.css">
    <link type="text/css" rel="stylesheet" href="scatter-matrix.css">

    <title>Gulf_Coast_Data_Visualization</title>
    <style>
      svg { border: 1px solid black; }
      svg g rect.node-shape { border-radius: 5px !important; fill:#ffecb3 !important; cursor: move; }
      svg g text.node-name { font-weight: 800 !important }
      svg g rect.node-bar { fill: green !important }
      svg g text.node-value { fill:rgb(0,0,0) !important; font-size: 15px; cursor: pointer; }
      svg line.edge-line { stroke:rgb(0,0,0) !important }
      svg path.edge-head { fill:rgb(0,0,0) !important }
    </style>
    <script src="https://cdnjs.cloudflare.com/ajax/libs/d3/3.5.3/d3.js"></script>
    <script src="https://cdn.jsdelivr.net/lodash/4.11.1/lodash.js"></script>
    <script src="https://rawgithub.com/cpettitt/graphlib/master/dist/graphlib.core.js"></script>
    <script src="https://rawgithub.com/cpettitt/dagre/master/dist/dagre.js"></script>
    <script src="https://ajax.googleapis.com/ajax/libs/jquery/2.2.0/jquery.min.js"></script>
    <script src="https://rawgithub.com/vangj/jsbayes/master/jsbayes.js"></script>
    <script src="https://rawgithub.com/vangj/jsbayes-viz/master/jsbayes-viz.js"></script>
    <script>
      function getGraph() {
        var graph = jsbayes.newGraph();
        graph.saveSamples = true;

        var n1 = graph.addNode('1.Party', ['Republican', 'Independent','Democrat']);
        var n2 = graph.addNode('2.Information', ['Not Informed','Not Very Well','Somewhat Well','Very Well']);
        var n3 = graph.addNode('3.Race', ['White', 'Black','Other']);
        var n4 = graph.addNode('4.Education', ['1', '2','3']);
        var n5 = graph.addNode('5.Year_Stayed', ['1', '2', '3', '4']);
        var n6 = graph.addNode('6.Age', ['18-24','25-34','35-44','45-54','55-64','>65']);
        var n7 = graph.addNode('7.Gender',['male','female']);
        var n8 = graph.addNode('8.Climate_Recognition',['1','2','3']);
        var n9 = graph.addNode('9.Local_Attitude',['a','b','c']);
        var n11 = graph.addNode('11.Imm_family',['1','2','3','4','5']);
        var n12 = graph.addNode('12.Gov_Preparation',['1','2','3','4']);
        var n14 = graph.addNode('14.Reason To Buy',['Not Buying','Compulsory','Willing','Both']);
        var n15 = graph.addNode('15.Flood zone',['1','2','3','4']);
        var n13 = graph.addNode('13.Buy',['No','Yes']);
        var n16 = graph.addNode('16.Private',['1','2','3','4','5','6','7']);
        var n17 = graph.addNode('17.Public',['1','2','3','4','5','6','7']);

        var n10 = graph.addNode('10.Local Community',['1','2','3','4','5']);
        var n18 = graph.addNode('18.Sup_Climate',['Not Support','Independent','Support']);

        n1.addParent(n6);
        n1.addParent(n7);
        n1.addParent(n3);

        n2.addParent(n4);
        n2.addParent(n1);

        n4.addParent(n3);
        n4.addParent(n7);

        n8.addParent(n1);
        n8.addParent(n2);
        n8.addParent(n4);
        n8.addParent(n5);

        n9.addParent(n1);
        n9.addParent(n2);
        n9.addParent(n5);

        //n10.addParent(n9);
        //n10.addParent(n11);
        //n10.addParent(n8);

        //n11.addParent(n1);
        //n11.addParent(n8);
        //n11.addParent(n9);


        //n12.addParent(n1);

        //n14.addParent(n11);
        //n14.addParent(n12);
        //n14.addParent(n15);

        //n13.addParent(n14);

        //n17.addParent(n8);
        //n17.addParent(n10);
        //n17.addParent(n14);

        //n16.addParent(n11);
        //n16.addParent(n13);
        //n16.addParent(n14);

        //n18.addParent(n16);
        //n18.addParent(n17);

        n18.setCpt([[   1   ,   0   ,   0   ],
[   1   ,   0   ,   0   ],
[   1   ,   0   ,   0   ],
[   1   ,   0   ,   0   ],
[   1   ,   0   ,   0   ],
[   1   ,   0   ,   0   ],
[   1   ,   0   ,   0   ],
[   1   ,   0   ,   0   ],
[   1   ,   0   ,   0   ],
[   1   ,   0   ,   0   ],
[   1   ,   0   ,   0   ],
[   0.5 ,   0.5 ,   0   ],
[   0   ,   0   ,   0   ],
[   1   ,   0   ,   0   ],
[   1   ,   0   ,   0   ],
[   1   ,   0   ,   0   ],
[   1   ,   0   ,   0   ],
[   0.862318841 ,   0.137681159 ,   0   ],
[   0   ,   1   ,   0   ],
[   1   ,   0   ,   0   ],
[   1   ,   0   ,   0   ],
[   1   ,   0   ,   0   ],
[   1   ,   0   ,   0   ],
[   0.833333333 ,   0.166666667 ,   0   ],
[   0   ,   1   ,   0   ],
[   0   ,   1   ,   0   ],
[   1   ,   0   ,   0   ],
[   1   ,   0   ,   0   ],
[   1   ,   0   ,   0   ],
[   0.885542169 ,   0.114457831 ,   0   ],
[   0   ,   1   ,   0   ],
[   0   ,   1   ,   0   ],
[   0   ,   0.731399748 ,   0.268600252 ],
[   0   ,   0   ,   0   ],
[   0   ,   0   ,   0   ],
[   0.5 ,   0.5 ,   0   ],
[   0   ,   1   ,   0   ],
[   0   ,   1   ,   0   ],
[   0   ,   0.727891156 ,   0.272108844 ],
[   0   ,   0   ,   1   ],
[   0   ,   0   ,   0   ],
[   0   ,   0   ,   0   ],
[   0   ,   1   ,   0   ],
[   0   ,   1   ,   0   ],
[   0   ,   0.710280374 ,   0.289719626 ],
[   0   ,   0   ,   1   ],
[   0   ,   0   ,   1   ]]);


        n17.setCpt([[   0   ,   0   ,   0.143455497 ,   0.004188482 ,   0.185340314 ,   0.035602094 ,   0.631413613 ],
[   0   ,   0   ,   0   ,   0   ,   0   ,   1   ,   0   ],
[   0   ,   0   ,   0   ,   0   ,   0.817337461 ,   0.095975232 ,   0.086687307 ],
[   0   ,   0   ,   0   ,   0   ,   0   ,   0.1375  ,   0.8625  ],
[   0.028974158 ,   0.050900548 ,   0.005481597 ,   0.052988776 ,   0.180631689 ,   0.268598277 ,   0.412424954 ],
[   0   ,   0   ,   0.098859316 ,   0   ,   0.139163498 ,   0.059315589 ,   0.702661597 ],
[   0   ,   0   ,   0.080717489 ,   0.014573991 ,   0.352017937 ,   0.257847534 ,   0.294843049 ],
[   0.001036269 ,   0.001036269 ,   0   ,   0   ,   0.014507772 ,   0.250777202 ,   0.732642487 ],
[   0.006996118 ,   0.03247331  ,   0.026002912 ,   0.226463928 ,   0.18889518  ,   0.174053704 ,   0.34511485  ],
[   0.029821074 ,   0.033921471 ,   0.191724652 ,   0.001491054 ,   0.176441352 ,   0.161779324 ,   0.404821074 ],
[   0   ,   0.029035096 ,   0.03011047  ,   0.078209014 ,   0.337862939 ,   0.193762831 ,   0.33101965  ],
[   0.003278689 ,   0.08618267  ,   0.066276347 ,   0.018032787 ,   0.112880562 ,   0.526932084 ,   0.186416862 ],
[   0   ,   0.009606901 ,   0.021468483 ,   0.11175375  ,   0.311047936 ,   0.301441035 ,   0.244681894 ],
[   0   ,   0   ,   0.024115756 ,   0   ,   0.191854234 ,   0.243301179 ,   0.540728832 ],
[   0   ,   0.001503307 ,   0   ,   0.202044498 ,   0.164461816 ,   0.273601924 ,   0.358388455 ],
[   0  ,   0.00667881  ,   0.079538555 ,   0   ,   0.080752884 ,   0.486945962 ,   0.346083789 ],
[   0   ,   0   ,   0.009090909 ,   0.09338843  ,   0.070247934 ,   0.42892562  ,   0.398347107 ],
[   0   ,   0   ,   0   ,   0   ,   0   ,   0.501779359 ,   0.498220641 ],
[   0   ,   0   ,   0   ,   0   ,   0.617424242 ,   0.337121212 ,   0.045454545 ],
[   0   ,   0   ,   0   ,   0   ,   0   ,   0.025210084 ,   0.974789916 ],
[   0   ,   0   ,   0.000811688 ,   0   ,   0.027191558 ,   0.875   ,   0.096996753 ],
[   0.142857143 ,   0.142857143 ,   0.142857143 ,   0.142857143 ,   0.142857143 ,   0.142857143 ,   0.142857143 ],
[   0   ,   0   ,   0   ,   0   ,   0.025287356 ,   0.222988506 ,   0.751724138 ],
[   0   ,   0   ,   0.054945055 ,   0   ,   0.370879121 ,   0.478021978 ,   0.096153846 ],
[   0.001084011 ,   0.001897019 ,   0.113279133 ,   0.100542005 ,   0.15203252  ,   0.142547425 ,   0.488617886 ],
[   0   ,   0   ,   0   ,   0   ,   0.073732719 ,   0.105990783 ,   0.820276498 ],
[   0   ,   0   ,   0.013204225 ,   0.004401408 ,   0.022887324 ,   0.768045775 ,   0.191461268 ],
[   0   ,   0.102396514 ,   0   ,   0   ,   0   ,   0.239651416 ,   0.65795207  ],
[   0.001239238 ,   0.017610227 ,   0.010500913 ,   0.053743804 ,   0.116814506 ,   0.283068093 ,   0.517023219 ],
[   0   ,   0.08805668  ,   0.000506073 ,   0   ,   0.013157895 ,   0.452935223 ,   0.44534413  ],
[   0   ,   0   ,   0.003940534 ,   0.014866559 ,   0.16801003  ,   0.486118574 ,   0.327064302 ],
[   0.00182357  ,   0   ,   0.023250513 ,   0   ,   0.061773421 ,   0.300205152 ,   0.612947344 ],
[   0   ,   0   ,   0.020310261 ,   0.137561523 ,   0.242913214 ,   0.212074014 ,   0.387140988 ],
[   0.004491726 ,   0.00070922  ,   0.085579196 ,   0   ,   0.119148936 ,   0.413711584 ,   0.376359338 ],
[   0   ,   0.000230548 ,   0.003573487 ,   0.038559078 ,   0.059538905 ,   0.378213256 ,   0.519884726 ],
[   0.002245356 ,   0   ,   0.03225148  ,   0.01367626  ,   0.12655644  ,   0.201469688 ,   0.623800776 ],
[   0   ,   0.008840864 ,   0.009823183 ,   0.049607073 ,   0.235756385 ,   0.565324165 ,   0.13064833  ],
[   0   ,   0   ,   0.138528139 ,   0   ,   0.112554113 ,   0.354978355 ,   0.393939394 ],
[   0   ,   0   ,   0   ,   0.144773358 ,   0.225716929 ,   0.197502313 ,   0.432007401 ],
[   0   ,   0   ,   0.044265594 ,   0   ,   0.006036217 ,   0.201207243 ,   0.748490946 ],
[   0   ,   0   ,   0.008610086 ,   0   ,   0.111931119 ,   0.127921279 ,   0.751537515 ],
[   0   ,   0   ,   0   ,   0   ,   0   ,   0.287671233 ,   0.712328767 ],
[   0   ,   0   ,   0   ,   0.270833333 ,   0   ,   0.395833333 ,   0.333333333 ],
[   0   ,   0   ,   0   ,   0   ,   0   ,   0.974358974 ,   0.025641026 ],
[   0   ,   0   ,   0   ,   0.292315175 ,   0.069066148 ,   0.365758755 ,   0.272859922 ],
[   0   ,   0   ,   0   ,   0.019277108 ,   0.43373494  ,   0.284337349 ,   0.262650602 ],
[   0   ,   0   ,   0.035175879 ,   0.015075377 ,   0.020100503 ,   0.613065327 ,   0.316582915 ],
[   0   ,   0.060402685 ,   0.040268456 ,   0   ,   0.013422819 ,   0.832214765 ,   0.053691275 ],
[   0   ,   0.004196256 ,   0.010894125 ,   0.007746934 ,   0.225387347 ,   0.092963202 ,   0.658812137 ],
[   0   ,   0   ,   0   ,   0   ,   0   ,   0.373287671 ,   0.626712329 ],
[   0   ,   0.002665245 ,   0   ,   0.372601279 ,   0.130063966 ,   0.067164179 ,   0.42750533  ],
[   0   ,   0   ,   0.023825281 ,   0   ,   0.041694242 ,   0.637657181 ,   0.296823296 ],
[   0   ,   0.000270197 ,   0.001891381 ,   0.182923534 ,   0.154552824 ,   0.309240746 ,   0.351121319 ],
[   0   ,   0.063765941 ,   0   ,   0   ,   0.177794449 ,   0.162790698 ,   0.595648912 ],
[   0   ,   0.000670916 ,   0   ,   0.129151292 ,   0.331096947 ,   0.339147937 ,   0.199932908 ],
[   0.035859269 ,   0   ,   0   ,   0   ,   0.071718539 ,   0.703653586 ,   0.188768606 ],
[   0   ,   0.017561465 ,   0.064726543 ,   0.072754641 ,   0.366532865 ,   0.202458605 ,   0.275965881 ],
[   0   ,   0   ,   0   ,   0   ,   0.305361305 ,   0.17016317  ,   0.524475524 ],
[   0   ,   0   ,   0.011328527 ,   0.028836251 ,   0.213182286 ,   0.210092688 ,   0.536560247 ],
[   0   ,   0   ,   0   ,   0   ,   0.445017182 ,   0.367697595 ,   0.187285223 ]]);

        n16.setCpt([[ 0.000 , 0.000 , 0.114 , 0.000 , 0.193 , 0.036 , 0.657 ],
[ 0.000 , 0.000 , 0.000 , 0.000 , 0.000 , 1.000 , 0.000 ],
[ 0.000 , 0.000 , 0.000 , 0.000 , 0.714 , 0.125 , 0.161 ],
[ 0.000 , 0.000 , 0.000 , 0.000 , 0.000 , 0.048 , 0.952 ],
[ 0.041 , 0.039 , 0.002 , 0.053 , 0.159 , 0.281 , 0.425 ],
[ 0.000 , 0.000 , 0.086 , 0.000 , 0.119 , 0.062 , 0.733 ],
[ 0.000 , 0.000 , 0.067 , 0.013 , 0.369 , 0.188 , 0.362 ],
[ 0.000 , 0.000 , 0.000 , 0.000 , 0.007 , 0.237 , 0.756 ],
[ 0.006 , 0.034 , 0.028 , 0.241 , 0.190 , 0.171 , 0.329 ],
[ 0.029 , 0.039 , 0.182 , 0.000 , 0.169 , 0.176 , 0.405 ],
[ 0.000 , 0.038 , 0.042 , 0.086 , 0.325 , 0.200 , 0.310 ],
[ 0.002 , 0.095 , 0.068 , 0.011 , 0.106 , 0.546 , 0.172 ],
[ 0.000 , 0.012 , 0.019 , 0.100 , 0.321 , 0.326 , 0.222 ],
[ 0.000 , 0.000 , 0.017 , 0.000 , 0.154 , 0.226 , 0.603 ],
[ 0.000 , 0.010 , 0.000 , 0.188 , 0.160 , 0.310 , 0.332 ],
[ 0.000 , 0.011 , 0.046 , 0.000 , 0.125 , 0.502 , 0.316 ],
[ 0.000 , 0.000 , 0.006 , 0.123 , 0.041 , 0.444 , 0.386 ],
[ 0.000 , 0.000 , 0.000 , 0.000 , 0.000 , 0.432 , 0.568 ],
[ 0.000 , 0.000 , 0.000 , 0.000 , 0.583 , 0.313 , 0.104 ],
[ 0.000 , 0.000 , 0.000 , 0.000 , 0.000 , 0.045 , 0.955 ],
[ 0.000 , 0.000 , 0.003 , 0.000 , 0.026 , 0.844 , 0.127 ],
[ 0.000 , 0.000 , 0.000 , 0.000 , 0.000 , 0.000 , 0.000 ],
[ 0.000 , 0.000 , 0.000 , 0.000 , 0.026 , 0.195 , 0.779 ],
[ 0.000 , 0.000 , 0.059 , 0.000 , 0.471 , 0.412 , 0.059 ],
[ 0.000 , 0.000 , 0.125 , 0.099 , 0.165 , 0.168 , 0.443 ],
[ 0.000 , 0.000 , 0.061 , 0.000 , 0.030 , 0.152 , 0.758 ],
[ 0.000 , 0.000 , 0.009 , 0.000 , 0.028 , 0.751 , 0.211 ],
[ 0.000 , 0.100 , 0.000 , 0.000 , 0.000 , 0.233 , 0.667 ],
[ 0.000 , 0.020 , 0.008 , 0.051 , 0.135 , 0.287 , 0.498 ],
[ 0.000 , 0.066 , 0.000 , 0.000 , 0.021 , 0.472 , 0.441 ],
[ 0.000 , 0.000 , 0.009 , 0.011 , 0.177 , 0.483 , 0.319 ],
[ 0.000 , 0.000 , 0.031 , 0.000 , 0.069 , 0.275 , 0.626 ],
[ 0.000 , 0.000 , 0.024 , 0.141 , 0.237 , 0.207 , 0.391 ],
[ 0.001 , 0.000 , 0.085 , 0.000 , 0.113 , 0.394 , 0.407 ],
[ 0.000 , 0.000 , 0.003 , 0.032 , 0.059 , 0.384 , 0.522 ],
[ 0.003 , 0.000 , 0.031 , 0.013 , 0.141 , 0.178 , 0.634 ],
[ 0.000 , 0.012 , 0.015 , 0.065 , 0.253 , 0.522 , 0.133 ],
[ 0.000 , 0.000 , 0.167 , 0.000 , 0.194 , 0.306 , 0.333 ],
[ 0.000 , 0.000 , 0.000 , 0.188 , 0.224 , 0.198 , 0.389 ],
[ 0.000 , 0.000 , 0.067 , 0.000 , 0.000 , 0.250 , 0.683 ],
[ 0.000 , 0.000 , 0.008 , 0.000 , 0.082 , 0.090 , 0.820 ],
[ 0.000 , 0.000 , 0.000 , 0.000 , 0.000 , 0.300 , 0.700 ],
[ 0.000 , 0.000 , 0.000 , 0.167 , 0.000 , 0.500 , 0.333 ],
[ 0.000 , 0.000 , 0.000 , 0.000 , 0.000 , 1.000 , 0.000 ],
[ 0.000 , 0.000 , 0.000 , 0.253 , 0.074 , 0.419 , 0.253 ],
[ 0.000 , 0.000 , 0.000 , 0.062 , 0.400 , 0.323 , 0.215 ],
[ 0.000 , 0.000 , 0.079 , 0.026 , 0.000 , 0.526 , 0.368 ],
[ 0.000 , 0.056 , 0.000 , 0.000 , 0.000 , 0.889 , 0.056 ],
[ 0.000 , 0.002 , 0.010 , 0.007 , 0.232 , 0.077 , 0.672 ],
[ 0.000 , 0.000 , 0.000 , 0.000 , 0.000 , 0.468 , 0.532 ],
[ 0.000 , 0.007 , 0.000 , 0.337 , 0.112 , 0.086 , 0.457 ],
[ 0.000 , 0.000 , 0.032 , 0.000 , 0.051 , 0.622 , 0.295 ],
[ 0.000 , 0.002 , 0.003 , 0.166 , 0.185 , 0.274 , 0.371 ],
[ 0.000 , 0.032 , 0.000 , 0.000 , 0.213 , 0.139 , 0.616 ],
[ 0.000 , 0.004 , 0.000 , 0.112 , 0.327 , 0.359 , 0.198 ],
[ 0.050 , 0.000 , 0.000 , 0.000 , 0.080 , 0.700 , 0.170 ],
[ 0.000 , 0.018 , 0.053 , 0.075 , 0.371 , 0.214 , 0.269 ],
[ 0.000 , 0.000 , 0.000 , 0.000 , 0.375 , 0.141 , 0.484 ],
[ 0.000 , 0.000 , 0.012 , 0.012 , 0.236 , 0.255 , 0.484 ],
[ 0.000 , 0.000 , 0.000 , 0.011 , 0.471 , 0.322 , 0.195 ]]);

        n11.setCpt([[   0.012668313 ,   0.026770775 ,   0.896024221 ,   0.062226117 ,   0.002310573 ],
[   0.030139172 ,   0.037319387 ,   0.781934226 ,   0.147859232 ,   0.002747983 ],
[   0   ,   0.038461538 ,   0.305860806 ,   0.558608059 ,   0.097069597 ],
[   0.001752336 ,   0.061721184 ,   0.675428349 ,   0.208722741 ,   0.052375389 ],
[   0.01720113  ,   0.033665069 ,   0.499569972 ,   0.415530163 ,   0.034033665 ],
[   0   ,   0.141263941 ,   0.489776952 ,   0.268587361 ,   0.100371747 ],
[   0.009113214 ,   0.035050824 ,   0.650893796 ,   0.262530669 ,   0.042411497 ],
[   0.083378452 ,   0.031402274 ,   0.190037899 ,   0.564158094 ,   0.131023281 ],
[   0   ,   0.013381995 ,   0.419708029 ,   0.164233577 ,   0.402676399 ],
[   0.021323456 ,   0.039293223 ,   0.879016919 ,   0.054259686 ,   0.006106717 ],
[   0.011854131 ,   0.127680753 ,   0.664283775 ,   0.179621754 ,   0.016559587 ],
[   0   ,   0.099787686 ,   0.222929936 ,   0.668789809 ,   0.008492569 ],
[   0.02492725  ,   0.106517323 ,   0.317410641 ,   0.538900785 ,   0.012244002 ],
[   0.015682749 ,   0.101788033 ,   0.333832784 ,   0.460043952 ,   0.088652482 ],
[   0   ,   0.040289256 ,   0.508264463 ,   0.257231405 ,   0.194214876 ],
[   0.007936508 ,   0.032738095 ,   0.464285714 ,   0.469742063 ,   0.025297619 ],
[   0.004387097 ,   0.060258065 ,   0.072451613 ,   0.796064516 ,   0.06683871  ],
[   0.010076582 ,   0.013301088 ,   0.008867392 ,   0.645304313 ,   0.322450625 ],
[   0.0166418   ,   0.145414897 ,   0.711809939 ,   0.089636176 ,   0.036497188 ],
[   0.053261209 ,   0.102465411 ,   0.580359929 ,   0.187142411 ,   0.076771039 ],
[   0.136518771 ,   0.008532423 ,   0.418088737 ,   0.366894198 ,   0.06996587  ],
[   0.006373938 ,   0.024180494 ,   0.641643059 ,   0.316167544 ,   0.011634966 ],
[   0.075400011 ,   0.139990368 ,   0.198105635 ,   0.502167282 ,   0.084336705 ],
[   0.053784861 ,   0.135059761 ,   0.202390438 ,   0.541832669 ,   0.066932271 ],
[   0   ,   0.160374833 ,   0.321552878 ,   0.401874163 ,   0.116198126 ],
[   0.00778628  ,   0.172237884 ,   0.229829507 ,   0.334675795 ,   0.255470533 ],
[   0.089382716 ,   0.03308642  ,   0.118024691 ,   0.37037037  ,   0.389135802 ]]);

        n1.setCpt([[    0.008027169 ,   0.942266132 ,   0.0497067   ],
[   0   ,   0.383049439 ,   0.616950561 ],
[   0.260820595 ,   0.692518101 ,   0.046661303 ],
[   0.031899052 ,   0.783290227 ,   0.184810722 ],
[   0.127505751 ,   0.429510352 ,   0.442983897 ],
[   0.120579043 ,   0.230959039 ,   0.648461918 ],
[   0.099210111 ,   0.685308057 ,   0.215481833 ],
[   0.126508821 ,   0.480501393 ,   0.392989786 ],
[   0.045068246 ,   0.819984548 ,   0.134947206 ],
[   0.06712963  ,   0.368055556 ,   0.564814815 ],
[   0.30745533  ,   0.275107825 ,   0.417436845 ],
[   0.057479735 ,   0.430361091 ,   0.512159175 ],
[   0.01003009  ,   0.869752113 ,   0.120217796 ],
[   0.026903974 ,   0.610513245 ,   0.362582781 ],
[   0.246540236 ,   0.305996925 ,   0.44746284  ],
[   0.0204285   ,   0.175884405 ,   0.803687095 ],
[   0   ,   0.213235294 ,   0.786764706 ],
[   0.133060635 ,   0.191049086 ,   0.675890279 ],
[   0.050112613 ,   0.291666667 ,   0.658220721 ],
[   0.109598366 ,   0.212049013 ,   0.678352621 ],
[   0   ,   0.135294118 ,   0.864705882 ],
[   0.032536974 ,   0.050739477 ,   0.916723549 ],
[   0.011013216 ,   0.142070485 ,   0.8469163   ],
[   0.000857633 ,   0.231560892 ,   0.767581475 ],
[   0.475143727 ,   0.476496449 ,   0.048359824 ],
[   0.057572424 ,   0.453245325 ,   0.489182252 ],
[   0.358739159 ,   0.506671114 ,   0.134589726 ],
[   0.231170525 ,   0.595859146 ,   0.172970329 ],
[   0.667071837 ,   0.288075848 ,   0.044852316 ],
[   0.362995825 ,   0.448982255 ,   0.188021921 ],
[   0.337749377 ,   0.381156484 ,   0.28109414  ],
[   0.455409989 ,   0.289751945 ,   0.254838066 ],
[   0.261843516 ,   0.549303323 ,   0.188853162 ],
[   0.279005251 ,   0.438422669 ,   0.28257208  ],
[   0.352936358 ,   0.396183144 ,   0.250880498 ],
[   0.354673172 ,   0.32733238  ,   0.317994448 ]]);

        n2.setCpt([[    0.112320112 ,   0.108108108 ,   0.578799579 ,   0.200772201 ],
[   0.228159327 ,   0.21876604  ,   0.398983677 ,   0.154090956 ],
[   0.266335676 ,   0.232928009 ,   0.345731476 ,   0.155004839 ],
[   0.026180625 ,   0.496718505 ,   0.137680126 ,   0.339420745 ],
[   0.193140226 ,   0.202015034 ,   0.278306899 ,   0.326537841 ],
[   0.328603464 ,   0.197803897 ,   0.295468605 ,   0.178124033 ],
[   0.083067402 ,   0.059858814 ,   0.37588241  ,   0.481191374 ],
[   0.1568223   ,   0.159080139 ,   0.490592334 ,   0.193505226 ],
[   0.247733428 ,   0.16501825  ,   0.466030849 ,   0.121217473 ]]);

        n6.setCpt([ 0.136 ,0.185 ,0.167 ,0.198 ,0.152 ,0.162 ]);

        n7.setCpt([0.4761,0.5239]);

        n3.setCpt([0.275155601659751,
0.180757261410788,
0.544087136929461]);

        n4.setCpt([[    0.18309084  ,   0.416124927 ,   0.400784233 ],
[   0.339886225 ,   0.545762224 ,   0.114351552 ],
[   0.07034876  ,   0.799562392 ,   0.130088848 ],
[   0.219989136 ,   0.562885783 ,   0.21712508  ],
[   0.039669454 ,   0.504374309 ,   0.455956238 ],
[   0.086797348 ,   0.523556488 ,   0.389646164 ]]);

        n8.setCpt([[    0.333333333 ,   0.333333333 ,   0.333333333 ],
[   0.333333333 ,   0.333333333 ,   0.333333333 ],
[   0.333333333 ,   0.333333333 ,   0.333333333 ],
[   0.39375 ,   0.53125 ,   0.075   ],
[   0.333333333 ,   0.333333333 ,   0.333333333 ],
[   0.136919315 ,   0.056234719 ,   0.806845966 ],
[   0.829039813 ,   0.110070258 ,   0.06088993  ],
[   0.627949183 ,   0.175680581 ,   0.196370236 ],
[   0   ,   1   ,   0   ],
[   0.804938272 ,   0.101234568 ,   0.09382716  ],
[   0.797705944 ,   0.157977059 ,   0.044316997 ],
[   0.741660396 ,   0.211687986 ,   0.046651618 ],
[   0.333333333 ,   0.333333333 ,   0.333333333 ],
[   0.333333333 ,   0.333333333 ,   0.333333333 ],
[   0.333333333 ,   0.333333333 ,   0.333333333 ],
[   1   ,   0   ,   0   ],
[   0   ,   1   ,   0   ],
[   0.886363636 ,   0.113636364 ,   0   ],
[   0.753310446 ,   0.129965669 ,   0.116723884 ],
[   0.424401914 ,   0.358373206 ,   0.21722488  ],
[   0   ,   1   ,   0   ],
[   0.984227129 ,   0.015772871 ,   0   ],
[   0.829764454 ,   0.124197002 ,   0.046038544 ],
[   0.430182421 ,   0.547595357 ,   0.022222222 ],
[   0.333333333 ,   0.333333333 ,   0.333333333 ],
[   0   ,   1   ,   0   ],
[   0   ,   0   ,   1   ],
[   0.072866065 ,   0.458015267 ,   0.469118668 ],
[   0   ,   1   ,   0   ],
[   0.266055046 ,   0.71559633  ,   0.018348624 ],
[   0.384411453 ,   0.589607635 ,   0.025980912 ],
[   0.210390726 ,   0.434735938 ,   0.354873336 ],
[   0.024193548 ,   0.975806452 ,   0   ],
[   0.761154856 ,   0.195538058 ,   0.043307087 ],
[   0.596782564 ,   0.386611313 ,   0.016606124 ],
[   0.609820701 ,   0.214955175 ,   0.175224124 ],
[   0   ,   0   ,   1   ],
[   0   ,   0   ,   1   ],
[   0   ,   0.245614035 ,   0.754385965 ],
[   0.515151515 ,   0.441558442 ,   0.043290043 ],
[   0.333333333 ,   0.333333333 ,   0.333333333 ],
[   0   ,   0.977832512 ,   0.022167488 ],
[   0.631929047 ,   0.034368071 ,   0.333702882 ],
[   0.43270366  ,   0.191853601 ,   0.375442739 ],
[   1   ,   0   ,   0   ],
[   0.9875  ,   0.0125  ,   0   ],
[   0.508609272 ,   0.113907285 ,   0.377483444 ],
[   0.488685345 ,   0.413793103 ,   0.097521552 ],
[   0.333333333 ,   0.333333333 ,   0.333333333 ],
[   0.333333333 ,   0.333333333 ,   0.333333333 ],
[   1   ,   0   ,   0   ],
[   0.914201183 ,   0.065088757 ,   0.020710059 ],
[   0.708841463 ,   0.00304878  ,   0.288109756 ],
[   0.614687217 ,   0.378966455 ,   0.006346328 ],
[   0.086545826 ,   0.898136329 ,   0.015317845 ],
[   0.552065716 ,   0.288233873 ,   0.159700411 ],
[   0   ,   1   ,   0   ],
[   0.327247191 ,   0.670646067 ,   0.002106742 ],
[   0.526948052 ,   0.386363636 ,   0.086688312 ],
[   0.612684883 ,   0.345449987 ,   0.041865129 ],
[   0.333333333 ,   0.333333333 ,   0.333333333 ],
[   0   ,   0   ,   1   ],
[   0   ,   1   ,   0   ],
[   0.045693011 ,   0.003553901 ,   0.950753089 ],
[   0.333333333 ,   0.333333333 ,   0.333333333 ],
[   0.948301329 ,   0.044313146 ,   0.007385524 ],
[   0.190661479 ,   0.483219844 ,   0.326118677 ],
[   0.225123243 ,   0.570750411 ,   0.204126347 ],
[   0.988958991 ,   0.011041009 ,   0   ],
[   0.564102564 ,   0.380156076 ,   0.05574136  ],
[   0.536128457 ,   0.389830508 ,   0.074041035 ],
[   0.529626623 ,   0.308035714 ,   0.162337662 ],
[   0.333333333 ,   0.333333333 ,   0.333333333 ],
[   0.333333333 ,   0.333333333 ,   0.333333333 ],
[   0.506375228 ,   0.41712204  ,   0.076502732 ],
[   0.411296162 ,   0.165821868 ,   0.42288197  ],
[   0   ,   0.948387097 ,   0.051612903 ],
[   0.497196262 ,   0.444859813 ,   0.057943925 ],
[   0.077808016 ,   0.850816428 ,   0.071375557 ],
[   0.370460048 ,   0.44756938  ,   0.181970572 ],
[   0.934911243 ,   0.01183432  ,   0.053254438 ],
[   0.067617866 ,   0.908808933 ,   0.023573201 ],
[   0.295886776 ,   0.362229102 ,   0.341884122 ],
[   0.392777778 ,   0.583888889 ,   0.023333333 ],
[   0.333333333 ,   0.333333333 ,   0.333333333 ],
[   0.333333333 ,   0.333333333 ,   0.333333333 ],
[   0.227477477 ,   0.058558559 ,   0.713963964 ],
[   0.050764951 ,   0.809225777 ,   0.140009272 ],
[   0.333333333 ,   0.333333333 ,   0.333333333 ],
[   0.036764706 ,   0.40625 ,   0.556985294 ],
[   0.176218073 ,   0.411890964 ,   0.411890964 ],
[   0.584496532 ,   0.172943552 ,   0.242559916 ],
[   0   ,   1   ,   0   ],
[   0.833876221 ,   0.006514658 ,   0.159609121 ],
[   0.304761905 ,   0.149206349 ,   0.546031746 ],
[   0.738030714 ,   0.178861789 ,   0.083107498 ],
[   1   ,   0   ,   0   ],
[   1   ,   0   ,   0   ],
[   0.333333333 ,   0.333333333 ,   0.333333333 ],
[   0.1184  ,   0.744   ,   0.1376  ],
[   1   ,   0   ,   0   ],
[   0.257575758 ,   0.742424242 ,   0   ],
[   0.034482759 ,   0.422959406 ,   0.542557835 ],
[   0.268456376 ,   0.364972835 ,   0.366570789 ],
[   0   ,   0.333333333 ,   0.666666667 ],
[   0.521865889 ,   0.408163265 ,   0.069970845 ],
[   0.353205128 ,   0.63525641  ,   0.011538462 ],
[   0.245529874 ,   0.47841256  ,   0.276057567 ],
[   1   ,   0   ,   0   ],
[   0.333333333 ,   0.333333333 ,   0.333333333 ],
[   0   ,   1   ,   0   ],
[   0.468401487 ,   0.293680297 ,   0.237918216 ],
[   0   ,   1   ,   0   ],
[   0.630769231 ,   0.369230769 ,   0   ],
[   0.095920969 ,   0.679413639 ,   0.224665392 ],
[   0.193316413 ,   0.285109983 ,   0.521573604 ],
[   0.333333333 ,   0.333333333 ,   0.333333333 ],
[   1   ,   0   ,   0   ],
[   0.376146789 ,   0.616972477 ,   0.006880734 ],
[   0.153998678 ,   0.650363516 ,   0.195637806 ],
[   0.333333333 ,   0.333333333 ,   0.333333333 ],
[   0.333333333 ,   0.333333333 ,   0.333333333 ],
[   0.359790875 ,   0.56891635  ,   0.071292776 ],
[   0.461020752 ,   0.090858104 ,   0.448121144 ],
[   0   ,   0.56122449  ,   0.43877551  ],
[   0.303730018 ,   0.362344583 ,   0.3339254   ],
[   0.387303436 ,   0.604542807 ,   0.008153757 ],
[   0.40178639  ,   0.464612823 ,   0.133600787 ],
[   0.025477707 ,   0.961783439 ,   0.012738854 ],
[   0.81934847  ,   0.171767029 ,   0.008884501 ],
[   0.059670165 ,   0.835982009 ,   0.104347826 ],
[   0.388155966 ,   0.410436822 ,   0.201407212 ],
[   1   ,   0   ,   0   ],
[   0.333333333 ,   0.333333333 ,   0.333333333 ],
[   0.077697037 ,   0.922302963 ,   0   ],
[   0.047680412 ,   0.645618557 ,   0.306701031 ],
[   0.128205128 ,   0.418803419 ,   0.452991453 ],
[   0.467032967 ,   0.269230769 ,   0.263736264 ],
[   0.303571429 ,   0.577806122 ,   0.118622449 ],
[   0.386061721 ,   0.277130595 ,   0.336807684 ],
[   0   ,   1   ,   0   ],
[   0.196078431 ,   0   ,   0.803921569 ],
[   0.544164038 ,   0.347003155 ,   0.108832808 ],
[   0.123966942 ,   0.615243343 ,   0.260789715 ]]);

        n5.setCpt([0.0230000000000000,0.07330,0.31720,0.58650]);

        n9.setCpt([[    0   ,   1   ,   0   ],
[   0.428746929 ,   0.571253071 ,   0   ],
[   0.507658643 ,   0.479524852 ,   0.012816505 ],
[   0.578589635 ,   0.335457378 ,   0.085952988 ],
[   0   ,   1   ,   0   ],
[   0.089970501 ,   0.910029499 ,   0   ],
[   0.385461991 ,   0.607627336 ,   0.006910673 ],
[   0.418991317 ,   0.525956032 ,   0.055052651 ],
[   0.643678161 ,   0.356321839 ,   0   ],
[   0.446689113 ,   0.496071829 ,   0.057239057 ],
[   0.47388153  ,   0.491627093 ,   0.034491377 ],
[   0.354501681 ,   0.589897338 ,   0.055600981 ],
[   0   ,   1   ,   0   ],
[   0.628654971 ,   0.211695906 ,   0.159649123 ],
[   0.389148191 ,   0.554842474 ,   0.056009335 ],
[   0.41999471  ,   0.50039672  ,   0.079608569 ],
[   0.625377644 ,   0.374622356 ,   0   ],
[   0.079936684 ,   0.920063316 ,   0   ],
[   0.67577569  ,   0.288642186 ,   0.035582124 ],
[   0.68367588  ,   0.281242618 ,   0.035081502 ],
[   0.231861199 ,   0.768138801 ,   0   ],
[   0.636521739 ,   0.35942029  ,   0.004057971 ],
[   0.366036506 ,   0.633311604 ,   0.00065189  ],
[   0.213790614 ,   0.769169675 ,   0.017039711 ],
[   0.166666667 ,   0.811728395 ,   0.021604938 ],
[   0.23567769  ,   0.73265021  ,   0.031672101 ],
[   0.591793648 ,   0.403157701 ,   0.005048651 ],
[   0.465797101 ,   0.490338164 ,   0.043864734 ],
[   1   ,   0   ,   0   ],
[   0.092831962 ,   0.889541716 ,   0.017626322 ],
[   0.240079365 ,   0.446263228 ,   0.313657407 ],
[   0.484074424 ,   0.482812993 ,   0.033112583 ],
[   0.052980132 ,   0.894039735 ,   0.052980132 ],
[   0.080745342 ,   0.919254658 ,   0   ],
[   0.472604518 ,   0.473123864 ,   0.054271618 ],
[   0.442368116 ,   0.448817596 ,   0.108814288 ],
[   0   ,   0.431818182 ,   0.568181818 ],
[   0.748175182 ,   0.251824818 ,   0   ],
[   0.143282102 ,   0.690877541 ,   0.165840357 ],
[   0.255492639 ,   0.673612684 ,   0.070894677 ],
[   0.612021858 ,   0.071038251 ,   0.316939891 ],
[   0.384517766 ,   0.527284264 ,   0.08819797  ],
[   0.432435478 ,   0.531049251 ,   0.036515271 ],
[   0.390709046 ,   0.545286607 ,   0.064004347 ],
[   0.573913043 ,   0.426086957 ,   0   ],
[   0.340298507 ,   0.525373134 ,   0.134328358 ],
[   0.118266099 ,   0.782510649 ,   0.099223252 ],
[   0.314659916 ,   0.587607308 ,   0.097732776 ]]);

        n12.setCpt([[ 0.16356458  ,   0.226040175 ,   0.416482277 ,   0.193912968 ],
[   0.258643881 ,   0.279503859 ,   0.368952591 ,   0.092899669 ],
[   0.272428088 ,   0.178158919 ,   0.43626784  ,   0.113145154 ]] );
        
        n14.setCpt([[   0.494271686 ,   0.045826514 ,   0.058919804 ,   0.400981997 ],
[   0.417021277 ,   0   ,   0.582978723 ,   0   ],
[   0   ,   0   ,   0.6 ,   0.4 ],
[   0   ,   0   ,   0   ,   1   ],
[   0.698305085 ,   0   ,   0.033898305 ,   0.26779661  ],
[   0   ,   0.952830189 ,   0   ,   0.047169811 ],
[   0.25    ,   0.25    ,   0.25    ,   0.25    ],
[   0.027777778 ,   0.972222222 ,   0   ,   0   ],
[   0.359856263 ,   0.001026694 ,   0.589835729 ,   0.049281314 ],
[   1   ,   0   ,   0   ,   0   ],
[   0.461538462 ,   0.307692308 ,   0.230769231 ,   0   ],
[   1   ,   0   ,   0   ,   0   ],
[   0.502159827 ,   0.438444924 ,   0.037796976 ,   0.021598272 ],
[   0.904761905 ,   0   ,   0.064182195 ,   0.031055901 ],
[   0.25    ,   0.25    ,   0.25    ,   0.25    ],
[   0.25    ,   0.25    ,   0.25    ,   0.25    ],
[   0.817770465 ,   0.143973673 ,   0.022213081 ,   0.016042781 ],
[   0.005787037 ,   0.009259259 ,   0.020833333 ,   0.96412037  ],
[   0   ,   0   ,   1   ,   0   ],
[   1   ,   0   ,   0   ,   0   ],
[   0.684210526 ,   0.098785425 ,   0.098785425 ,   0.118218623 ],
[   0.971264368 ,   0   ,   0   ,   0.028735632 ],
[   0.855721393 ,   0.144278607 ,   0   ,   0   ],
[   1   ,   0   ,   0   ,   0   ],
[   0.583478261 ,   0.046782609 ,   0.225043478 ,   0.144695652 ],
[   0.376859504 ,   0.185950413 ,   0.360330579 ,   0.076859504 ],
[   0.298245614 ,   0   ,   0.701754386 ,   0   ],
[   0.130434783 ,   0   ,   0   ,   0.869565217 ],
[   0.815165877 ,   0.029620853 ,   0.065165877 ,   0.090047393 ],
[   0.886642599 ,   0.113357401 ,   0   ,   0   ],
[   0.888888889 ,   0.111111111 ,   0   ,   0   ],
[   0   ,   0   ,   0   ,   1   ],
[   0.578795218 ,   0.079693726 ,   0.276818501 ,   0.064692554 ],
[   0.454673556 ,   0.308125881 ,   0.090652889 ,   0.146547675 ],
[   0.435483871 ,   0.096774194 ,   0.467741935 ,   0   ],
[   0.578475336 ,   0.285874439 ,   0.032511211 ,   0.103139013 ],
[   0.54456278  ,   0.102073991 ,   0.209753363 ,   0.143609865 ],
[   0.500273224 ,   0.067486339 ,   0.271857923 ,   0.160382514 ],
[   0.50974026  ,   0.449675325 ,   0.022727273 ,   0.017857143 ],
[   0.141397849 ,   0.628494624 ,   0.040860215 ,   0.189247312 ],
[   0.533763838 ,   0.148892989 ,   0.244618696 ,   0.072724477 ],
[   0.59871217  ,   0.066838377 ,   0.231551835 ,   0.102897618 ],
[   0.335211268 ,   0.123943662 ,   0.118309859 ,   0.422535211 ],
[   0.425219941 ,   0.125833111 ,   0.38976273  ,   0.059184218 ],
[   0.511559753 ,   0.148594378 ,   0.277542603 ,   0.062303267 ],
[   0.540609137 ,   0.209572154 ,   0.198332125 ,   0.051486584 ],
[   0.520361991 ,   0.027149321 ,   0.180995475 ,   0.271493213 ],
[   0.117977528 ,   0.065543071 ,   0.762172285 ,   0.054307116 ],
[   0.429644082 ,   0.046293012 ,   0.401028734 ,   0.123034173 ],
[   0.769207502 ,   0.101935874 ,   0.111917725 ,   0.016938899 ],
[   0.406374502 ,   0.250996016 ,   0.055776892 ,   0.28685259  ],
[   0.049877064 ,   0.108886547 ,   0.178784686 ,   0.662451704 ],
[   0.746577048 ,   0.077172019 ,   0.116255912 ,   0.059995021 ],
[   0.52581262  ,   0.080305927 ,   0.267686424 ,   0.126195029 ],
[   0.365591398 ,   0.032258065 ,   0.172043011 ,   0.430107527 ],
[   0.110812626 ,   0.064472801 ,   0.824714574 ,   0   ],
[   0.468977194 ,   0.047355841 ,   0.304750523 ,   0.178916443 ],
[   0.828750982 ,   0.016496465 ,   0.142969364 ,   0.011783189 ],
[   0.462264151 ,   0.16509434  ,   0.216981132 ,   0.155660377 ],
[   0.545736434 ,   0.146770026 ,   0.164857881 ,   0.142635659 ],
[   0.413670661 ,   0.133599645 ,   0.262760763 ,   0.18996893  ],
[   0.203338392 ,   0.113808801 ,   0.678300455 ,   0.004552352 ],
[   0.25    ,   0.375   ,   0.375   ,   0   ],
[   0.869780609 ,   0.052370842 ,   0.077848549 ,   0   ],
[   0.464754098 ,   0.113387978 ,   0.305737705 ,   0.116120219 ],
[   0.862637363 ,   0.012820513 ,   0.06043956  ,   0.064102564 ],
[   0.279279279 ,   0.720720721 ,   0   ,   0   ],
[   0.425806452 ,   0.129032258 ,   0.44516129  ,   0   ],
[   0.305158484 ,   0.076444997 ,   0.559353636 ,   0.059042884 ],
[   0.865284974 ,   0.010362694 ,   0   ,   0.124352332 ],
[   0.897394137 ,   0.011400651 ,   0.004885993 ,   0.086319218 ],
[   0.168674699 ,   0   ,   0   ,   0.831325301 ],
[   0.6831571   ,   0.032854985 ,   0.047583082 ,   0.236404834 ],
[   0.589958159 ,   0.230125523 ,   0.117154812 ,   0.062761506 ],
[   0   ,   0   ,   1   ,   0   ],
[   0.25    ,   0.25    ,   0.25    ,   0.25    ],
[   0.391666667 ,   0.064583333 ,   0.458854167 ,   0.084895833 ],
[   1   ,   0   ,   0   ,   0   ],
[   0.527777778 ,   0   ,   0.472222222 ,   0   ],
[   0.25    ,   0.25    ,   0.25    ,   0.25    ]]);

        n15.setCpt([0.767166666666667,
0.141066666666667,
0.0171000000000000,
0.0746666666666667]);

        n13.setCpt([[  1 , 0 ],
[ 0 , 1 ],
[ 0 , 1 ],
[ 0 , 1 ]]);

        n10.setCpt([[   0.402739726 ,   0.154794521 ,   0.328767123 ,   0.11369863  ,   0   ],
[   0.167922948 ,   0.132328308 ,   0.336264657 ,   0.363484087 ,   0   ],
[   0.001742409 ,   0.050072838 ,   0.812134023 ,   0.123311149 ,   0.012739581 ],
[   0   ,   0.064247921 ,   0.494331066 ,   0.430839002 ,   0.010582011 ],
[   0   ,   0   ,   0.413646055 ,   0.307036247 ,   0.279317697 ],
[   0.049847406 ,   0.587995931 ,   0.022380468 ,   0.169888098 ,   0.169888098 ],
[   0.007099752 ,   0.680156195 ,   0.162939297 ,   0.109691161 ,   0.040113596 ],
[   0.011591003 ,   0.066326296 ,   0.648268249 ,   0.25720988  ,   0.016604572 ],
[   0.084556126 ,   0.070616288 ,   0.245231108 ,   0.563096112 ,   0.036500367 ],
[   0   ,   0.06407563  ,   0.132352941 ,   0.447478992 ,   0.356092437 ],
[   0.475   ,   0   ,   0   ,   0   ,   0.525   ],
[   0   ,   0   ,   0.136986301 ,   0.863013699 ,   0   ],
[   0   ,   0.191489362 ,   0.441005803 ,   0.367504836 ,   0   ],
[   0.026347305 ,   0.161676647 ,   0.020359281 ,   0.776047904 ,   0.015568862 ],
[   0   ,   0.357142857 ,   0.051020408 ,   0.234693878 ,   0.357142857 ],
[   0.005703422 ,   0.060836502 ,   0.849809886 ,   0.08365019  ,   0   ],
[   0.131009615 ,   0.253605769 ,   0.020032051 ,   0.515224359 ,   0.080128205 ],
[   0.001282709 ,   0.078758338 ,   0.681759877 ,   0.233324782 ,   0.004874295 ],
[   0.013202969 ,   0.058664002 ,   0.115757922 ,   0.741007708 ,   0.071367399 ],
[   0   ,   0   ,   0.103789127 ,   0.779242175 ,   0.116968699 ],
[   0.028448739 ,   0.492753623 ,   0.118625872 ,   0.252281267 ,   0.107890499 ],
[   0.019683442 ,   0.230925325 ,   0.411525974 ,   0.330560065 ,   0.007305195 ],
[   0.01300858  ,   0.052380293 ,   0.490589538 ,   0.419941877 ,   0.024079712 ],
[   0.098466579 ,   0.026709742 ,   0.197160668 ,   0.640487783 ,   0.037175229 ],
[   0.00137817  ,   0.017916207 ,   0.029492834 ,   0.548511577 ,   0.402701213 ],
[   1   ,   0   ,   0   ,   0   ,   0   ],
[   0   ,   0.250943396 ,   0.247169811 ,   0.501886792 ,   0   ],
[   0.010478062 ,   0.080550098 ,   0.30124427  ,   0.536345776 ,   0.071381794 ],
[   0.036880927 ,   0.106427819 ,   0.021074816 ,   0.66227608  ,   0.173340358 ],
[   0   ,   0   ,   0.120689655 ,   0.280172414 ,   0.599137931 ],
[   0.285714286 ,   0   ,   0.285714286 ,   0.428571429 ,   0   ],
[   0   ,   0.729411765 ,   0.070588235 ,   0.152941176 ,   0.047058824 ],
[   0.107661492 ,   0.056084126 ,   0.286930396 ,   0.547070606 ,   0.00225338  ],
[   0.002502346 ,   0.00093838  ,   0.383171723 ,   0.484516734 ,   0.128870816 ],
[   0   ,   0   ,   0.201320132 ,   0.392739274 ,   0.405940594 ],
[   0.534562212 ,   0.112903226 ,   0.036866359 ,   0.285714286 ,   0.029953917 ],
[   0.08701243  ,   0.201457351 ,   0.653664809 ,   0.057865409 ,   0   ],
[  0  ,   0.19677693  ,   0.366977665 ,   0.39411931  ,   0.042126096 ],
[   0   ,   0.036651691 ,   0.566209506 ,   0.269803736 ,   0.127335067 ],
[   0.015775635 ,   0.001752848 ,   0.058720421 ,   0.468886941 ,   0.454864154 ],
[   0.038834951 ,   0.597087379 ,   0   ,   0   ,   0.36407767  ],
[   0   ,   0.513513514 ,   0   ,   0.423423423 ,   0.063063063 ],
[   0.01650165  ,   0   ,   0.316831683 ,   0.575907591 ,   0.090759076 ],
[   0.01850362  ,   0.005229284 ,   0.539823009 ,   0.225261464 ,   0.211182623 ],
[   0.004689943 ,   0   ,   0.45388223  ,   0.161021365 ,   0.380406462 ]]);

        graph.sample(200000);
        
        var g = jsbayesviz.fromGraph(graph);
        return g;
      }
      
      $(document).ready(function() {
        (function(window) { 
          var graph = getGraph();
          jsbayesviz.draw({
            id: '#bbn',
            width: 1600,
            height: 1600,
            graph: graph,
            samples: 15000
          });
          
          $('#btnDownloadJson').click(function() {
            jsbayesviz.downloadSamples(graph, true);
          });
          
          $('#btnDownloadCsv').click(function() {
            jsbayesviz.downloadSamples(graph, false, { rowDelimiter: '\n', fieldDelimiter: ',' });
          });
        })(window);
      });
    </script>
  </head>

  <body>
<h1>Network Structure</h1>
    <A href="javascript:history.go(0)">Refresh If You Want To Reinitiate This Model</A>
    <svg id="bbn">
    </svg>
    <div>

      <button id="btnDownloadJson">download samples as json</button>
      <button id="btnDownloadCsv">download samples as csv</button>
    </div>
<HR style="FILTER: alpha(opacity=100,finishopacity=0,style=2)" width="80%" color=#987cb9 SIZE=10>

<h1>Data Visualize</h1>

      
    <script src="http://d3js.org/d3.v3.min.js" charset="utf-8"></script>
    <script src="scatter-matrix.js"></script>
    <script type="text/javascript">
      var sm = new ScatterMatrix('3.csv');
      sm.render();
    </script>

<HR style="FILTER: alpha(opacity=100,finishopacity=0,style=2)" width="80%" color=#987cb9 SIZE=10>

<h1>Visualize Flow</h1>

  </body>

</html>
